4500. 0.00025       
4510. 0.00030       
4520. 0.00035       
4530. 0.00040       
4540. 0.00045       
4550. 0.00050       
4560. 0.00060       
4570. 0.00065       
4580. 0.00070       
4590. 0.00080       
4600. 0.00090       
4610. 0.00105       
4620. 0.00115       
4630. 0.00130       
4640. 0.00150       
4650. 0.00180       
4660. 0.00215       
4670. 0.00260       
4680. 0.00330       
4690. 0.00420       
4700. 0.00540       
4710. 0.00700       
4720. 0.00930       
4730. 0.01235       
4740. 0.01645       
4750. 0.02190       
4760. 0.02900       
4770. 0.03820       
4780. 0.04975       
4790. 0.06400       
4800. 0.08120       
4810. 0.10190      
4820. 0.12595      
4830. 0.15300      
4840. 0.18310      
4850. 0.21550      
4860. 0.25000      
4870. 0.28500      
4880. 0.32140      
4890. 0.35775      
4900. 0.39375      
4910. 0.42895      
4920. 0.46245      
4930. 0.49445      
4940. 0.52435      
4950. 0.55215      
4960. 0.57735      
4970. 0.60060      
4980. 0.62215      
4990. 0.64160      
5000. 0.65935      
5010. 0.67565      
5020. 0.69055      
5030. 0.70320      
5040. 0.71510      
5050. 0.72590      
5060. 0.73535      
5070. 0.74415      
5080. 0.75170    
5090. 0.75840    
5100. 0.76505
5110. 0.77025
5120. 0.77525
5130. 0.77950
5140. 0.78375
5150. 0.78755
5160. 0.78990
5170. 0.79315
5180. 0.79560
5190. 0.79790
5200. 0.79970
5210. 0.80115
5220. 0.80275
5230. 0.80395
5240. 0.80505
5250. 0.80555
5260. 0.80595
5270. 0.80625
5280. 0.80635
5290. 0.80625
5300. 0.80565
5310. 0.80525
5320. 0.80485
5330. 0.80395
5340. 0.80350
5350. 0.80200
5360. 0.80075
5370. 0.79980
5380. 0.79835
5390. 0.79670
5400. 0.79465
5410. 0.79270
5420. 0.79105
5430. 0.78850
5440. 0.78610
5450. 0.78335
5460. 0.78150
5470. 0.77820
5480. 0.77495
5490. 0.77180
5500. 0.76905
5510. 0.76520
5520. 0.76180
5530. 0.75725
5540. 0.75330
5550. 0.74995
5560. 0.74535
5570. 0.74100
5580. 0.73605
5590. 0.73135
5600. 0.72620
5610. 0.72165
5620. 0.71620
5630. 0.71100
5640. 0.70530
5650. 0.69925
5660. 0.69430
5670. 0.68775
5680. 0.68180
5690. 0.67485
5700. 0.66865
5710. 0.66260
5720. 0.65565
5730. 0.64870
5740. 0.64170
5750. 0.63430
5760. 0.62750
5770. 0.61980
5780. 0.61280
5790. 0.60470
5800. 0.59725
5810. 0.58925
5820. 0.58185
5830. 0.57350
5840. 0.56505
5850. 0.55690
5860. 0.54835
5870. 0.54045
5880. 0.53225
5890. 0.52365
5900. 0.51460
5910. 0.50635
5920. 0.49760
5930. 0.48880
5940. 0.47990
5950. 0.47165
5960. 0.46260
5970. 0.45355
5980. 0.44495
5990. 0.43620
6000. 0.42725
6010. 0.41870
6020. 0.40985
6030. 0.40105
6040. 0.39205
6050. 0.38360
6060. 0.37485
6070. 0.36645
6080. 0.35755
6090. 0.34945
6100. 0.34070
6110. 0.33220
6120. 0.32415
6130. 0.31555
6140. 0.30730
6150. 0.29930
6160. 0.29150
6170. 0.28370
6180. 0.27595
6190. 0.26845
6200. 0.26085
6210. 0.25315
6220. 0.24590
6230. 0.23850
6240. 0.23155
6250. 0.22440
6260. 0.21755
6270. 0.21095
6280. 0.20425
6290. 0.19775
6300. 0.19130
6310. 0.18525
6320. 0.17920
6330. 0.17320
6340. 0.16735
6350. 0.16145
6360. 0.15590
6370. 0.15045
6380. 0.14505
6390. 0.13985
6400. 0.13490
6410. 0.13000
6420. 0.12520
6430. 0.12045
6440. 0.11585
6450. 0.11150
6460. 0.10740
6470. 0.10315
6480. 0.09900
6490. 0.09510
6500. 0.09125
6510. 0.08760
6520. 0.08405
6530. 0.08045
6540. 0.07705
6550. 0.07390
6560. 0.07095
6570. 0.06770
6580. 0.06490
6590. 0.06210
6600. 0.05940
6610. 0.05660
6620. 0.05420
6630. 0.05165
6640. 0.04935
6650. 0.04720
6660. 0.04490
6670. 0.04290
6680. 0.04095
6690. 0.03915
6700. 0.03705
6710. 0.03535
6720. 0.03365
6730. 0.03190
6740. 0.03050
6750. 0.02895
6760. 0.02750
6770. 0.02610
6780. 0.02480
6790. 0.02355
6800. 0.02245
6810. 0.02120
6820. 0.02010
6830. 0.01910
6840. 0.01805
6850. 0.01715
6860. 0.01625
6870. 0.01540
6880. 0.01460
6890. 0.01380
6900. 0.01310
6910. 0.01230
6920. 0.01165
6930. 0.01100
6940. 0.01045
6950. 0.00975
6960. 0.00930
6970. 0.00880
6980. 0.00835
6990. 0.00785
7000. 0.00740
7010. 0.00695
7020. 0.00650
7030. 0.00620
7040. 0.00585
7050. 0.00550
7060. 0.00520
7070. 0.00490
7080. 0.00455
7090. 0.00435
7100. 0.00410
7110. 0.00390
7120. 0.00360
7130. 0.00345
7140. 0.00325
7150. 0.00295
7160. 0.00280
7170. 0.00270
7180. 0.00250
7190. 0.00240
7200. 0.00220
7210. 0.00210
7220. 0.00195
7230. 0.00180
7240. 0.00175
7250. 0.00160
7260. 0.00155
7270. 0.00145
7280. 0.00135
7290. 0.00125
7300. 0.00120
7310. 0.00115
7320. 0.00105
7330. 0.00100
7340. 0.00090
7350. 0.00085
7360. 0.00080
7370. 0.00080
7380. 0.00070
7390. 0.00070
7400. 0.00060
7410. 0.00055
7420. 0.00055
7430. 0.00050
7440. 0.00050
7450. 0.00045
7460. 0.00045
7470. 0.00040
