# - Radius : radius from center of focal plane [mm]
# - Theta radial angle that has a centroid at this radius [deg]
# - MF/# : Meridional F/#
# - SF/# : Sagittal F/#
# - MFL  : Meridional focal length [m]
# - SFL  : Sagittal focal length [m]
# - MPS  : Meridional plate scale [um/arcsec]
# - SPS  : Sagittal plate scale [um/arcsec]
# - ARC  : Arc length [mm]
# Radius    Theta   MF/#    SF/#    MFL SFL MPS SPS ARC
0.000000000	0.000000000	3.600000000	3.600000000	23.973900000	23.973900000	116.229064240	116.229064240	0.000000000
1.000000000	0.002389917	3.600000000	3.600000000	23.973900000	23.973900000	116.229064240	116.229064240	1.000000002
2.000000000	0.004779833	3.600000000	3.600000000	23.973900000	23.973900000	116.229064240	116.229064240	2.000000014
3.000000000	0.007169750	3.600000000	3.600000000	23.973900000	23.973900000	116.229064240	116.229064240	3.000000047
4.000000000	0.009559667	3.600000000	3.600000000	23.973900000	23.973900000	116.229064240	116.229064240	4.000000112
5.000000000	0.011949583	3.600000000	3.600000000	23.973900000	23.973900000	116.229064240	116.229064240	5.000000218
6.000000000	0.014339500	3.600000000	3.600000000	23.973900000	23.973900000	116.229064240	116.229064240	6.000000377
7.000000000	0.016729417	3.600000000	3.600000000	23.973900000	23.973900000	116.229064240	116.229064240	7.000000599
8.000000000	0.019119333	3.600000000	3.600000000	23.973900000	23.973900000	116.229064240	116.229064240	8.000000895
9.000000000	0.021509250	3.600000000	3.600000000	23.973900000	23.973900000	116.229064240	116.229064240	9.000001274
10.000000000	0.023899167	3.600000000	3.600000000	23.973900000	23.973900000	116.229064240	116.229064240	10.000001747
11.000000000	0.026289083	3.600000000	3.600000000	23.973900000	23.973900000	116.229064240	116.229064240	11.000002325
12.000000000	0.028679000	3.600000000	3.600000000	23.973900000	23.973900000	116.229064240	116.229064240	12.000003019
13.000000000	0.031068917	3.600000000	3.600000000	23.973900000	23.973900000	116.229064240	116.229064240	13.000003838
14.000000000	0.033458833	3.600000000	3.600000000	23.973900000	23.973900000	116.229064240	116.229064240	14.000004794
15.000000000	0.035848750	3.600000000	3.600000000	23.973900000	23.973900000	116.229064240	116.229064240	15.000005897
16.000000000	0.038238667	3.600000000	3.600000000	23.973900000	23.973900000	116.229064240	116.229064240	16.000007156
17.000000000	0.040628583	3.600000000	3.600000000	23.973900000	23.973900000	116.229064240	116.229064240	17.000008584
18.000000000	0.043018500	3.600000000	3.600000000	23.973900000	23.973900000	116.229064240	116.229064240	18.000010189
19.000000000	0.045408417	3.600000000	3.600000000	23.973900000	23.973900000	116.229064240	116.229064240	19.000011984
20.000000000	0.047798333	3.600000000	3.600000000	23.973900000	23.973900000	116.229064240	116.229064240	20.000013977
21.000000000	0.050188250	3.600000000	3.600000000	23.973900000	23.973900000	116.229064240	116.229064240	21.000016180
22.000000000	0.052578167	3.600000000	3.600000000	23.973900000	23.973900000	116.229064240	116.229064240	22.000018604
23.000000000	0.054968083	3.600000000	3.600000000	23.973900000	23.973900000	116.229064240	116.229064240	23.000021257
24.000000000	0.057358000	3.600000000	3.600000000	23.973900000	23.973900000	116.229064240	116.229064240	24.000024152
25.000000000	0.059747917	3.600000000	3.600000000	23.973900000	23.973900000	116.229064240	116.229064240	25.000027299
26.000000000	0.062137833	3.600000000	3.600000000	23.973900000	23.973900000	116.229064240	116.229064240	26.000030708
27.000000000	0.064527750	3.600000000	3.600000000	23.973900000	23.973900000	116.229064240	116.229064240	27.000034389
28.000000000	0.066917667	3.600000000	3.600000000	23.973900000	23.973900000	116.229064240	116.229064240	28.000038353
29.000000000	0.069307583	3.600000000	3.600000000	23.973900000	23.973900000	116.229064240	116.229064240	29.000042611
30.000000000	0.071697500	3.600000000	3.600000000	23.973900000	23.973900000	116.229064240	116.229064240	30.000047173
31.000000000	0.074087417	3.600000000	3.600000000	23.973900000	23.973900000	116.229064240	116.229064240	31.000052049
32.000000000	0.076477333	3.600000000	3.600000000	23.973900000	23.973900000	116.229064240	116.229064240	32.000057250
33.000000000	0.078867250	3.600000000	3.600000000	23.973900000	23.973900000	116.229064240	116.229064240	33.000062787
34.000000000	0.081257167	3.600000000	3.600000000	23.973900000	23.973900000	116.229064240	116.229064240	34.000068670
35.000000000	0.083647083	3.600000000	3.600000000	23.973900000	23.973900000	116.229064240	116.229064240	35.000074909
36.000000000	0.086037000	3.600000000	3.600000000	23.973900000	23.973900000	116.229064240	116.229064240	36.000081515
37.000000000	0.088426917	3.600000000	3.600000000	23.973900000	23.973900000	116.229064240	116.229064240	37.000088498
38.000000000	0.090816833	3.600000000	3.600000000	23.973900000	23.973900000	116.229064240	116.229064240	38.000095869
39.000000000	0.093206750	3.600000000	3.600000000	23.973900000	23.973900000	116.229064240	116.229064240	39.000103639
40.000000000	0.095596667	3.600000000	3.600000000	23.973900000	23.973900000	116.229064240	116.229064240	40.000111817
41.000000000	0.097986583	3.600000000	3.600000000	23.973900000	23.973900000	116.229064240	116.229064240	41.000120415
42.000000000	0.100376500	3.600000000	3.600000000	23.973900000	23.973900000	116.229064240	116.229064240	42.000129443
43.000000000	0.102766417	3.600000000	3.600000000	23.973900000	23.973900000	116.229064240	116.229064240	43.000138911
44.000000000	0.105156333	3.600000000	3.600000000	23.973900000	23.973900000	116.229064240	116.229064240	44.000148829
45.000000000	0.107546250	3.600000000	3.600000000	23.973900000	23.973900000	116.229064240	116.229064240	45.000159209
46.000000000	0.109936167	3.600000000	3.600000000	23.973900000	23.973900000	116.229064240	116.229064240	46.000170061
47.000000000	0.112326083	3.600000000	3.600000000	23.973900000	23.973900000	116.229064240	116.229064240	47.000181395
48.000000000	0.114716000	3.600000000	3.600000000	23.973900000	23.973900000	116.229064240	116.229064240	48.000193221
49.000000000	0.117105917	3.600000000	3.600000000	23.973900000	23.973900000	116.229064240	116.229064240	49.000205551
50.000000000	0.119495833	3.600000000	3.600000000	23.973900000	23.973900000	116.229064240	116.229064240	50.000218394
51.000000000	0.121885750	3.600000000	3.600000000	23.973900000	23.973900000	116.229064240	116.229064240	51.000231762
52.000000000	0.124275667	3.600000000	3.600000000	23.973900000	23.973900000	116.229064240	116.229064240	52.000245664
53.000000000	0.126665583	3.600000000	3.600000000	23.973900000	23.973900000	116.229064240	116.229064240	53.000260112
54.000000000	0.129055500	3.600000000	3.600000000	23.973900000	23.973900000	116.229064240	116.229064240	54.000275115
55.000000000	0.131445417	3.600000000	3.600000000	23.973900000	23.973900000	116.229064240	116.229064240	55.000290684
56.000000000	0.133835333	3.600000000	3.600000000	23.973900000	23.973900000	116.229064240	116.229064240	56.000306829
57.000000000	0.136225250	3.600000000	3.600000000	23.973900000	23.973900000	116.229064240	116.229064240	57.000323562
58.000000000	0.138615167	3.600000000	3.600000000	23.973900000	23.973900000	116.229064240	116.229064240	58.000340892
59.000000000	0.141005083	3.600000000	3.600000000	23.973900000	23.973900000	116.229064240	116.229064240	59.000358831
60.000000000	0.143395000	3.600000000	3.600000000	23.973900000	23.973900000	116.229064240	116.229064240	60.000377387
61.000000000	0.145784917	3.600000000	3.600000000	23.973900000	23.973900000	116.229064240	116.229064240	61.000396573
62.000000000	0.148174833	3.600000000	3.600000000	23.973900000	23.973900000	116.229064240	116.229064240	62.000416399
63.000000000	0.150564750	3.600000000	3.600000000	23.973900000	23.973900000	116.229064240	116.229064240	63.000436874
64.000000000	0.152954667	3.600000000	3.600000000	23.973900000	23.973900000	116.229064240	116.229064240	64.000458010
65.000000000	0.155344583	3.600000000	3.600000000	23.973900000	23.973900000	116.229064240	116.229064240	65.000479816
66.000000000	0.157734500	3.600000000	3.600000000	23.973900000	23.973900000	116.229064240	116.229064240	66.000502305
67.000000000	0.160124417	3.600000000	3.600000000	23.973900000	23.973900000	116.229064240	116.229064240	67.000525485
68.000000000	0.162514333	3.600000000	3.600000000	23.973900000	23.973900000	116.229064240	116.229064240	68.000549367
69.000000000	0.164904250	3.600000000	3.600000000	23.973900000	23.973900000	116.229064240	116.229064240	69.000573962
70.000000000	0.167294167	3.600000000	3.600000000	23.973900000	23.973900000	116.229064240	116.229064240	70.000599281
71.000000000	0.169684083	3.600000000	3.600000000	23.973900000	23.973900000	116.229064240	116.229064240	71.000625334
72.000000000	0.172074000	3.600000000	3.600000000	23.973900000	23.973900000	116.229064240	116.229064240	72.000652130
73.000000000	0.174463917	3.600000000	3.600000000	23.973900000	23.973900000	116.229064240	116.229064240	73.000679682
74.000000000	0.176853833	3.600000000	3.600000000	23.973900000	23.973900000	116.229064240	116.229064240	74.000707999
75.000000000	0.179243750	3.600000000	3.600000000	23.973900000	23.973900000	116.229064240	116.229064240	75.000737092
76.000000000	0.181633667	3.600000000	3.600000000	23.973900000	23.973900000	116.229064240	116.229064240	76.000766971
77.000000000	0.184023583	3.600000000	3.600000000	23.973900000	23.973900000	116.229064240	116.229064240	77.000797647
78.000000000	0.186413500	3.600000000	3.600000000	23.973900000	23.973900000	116.229064240	116.229064240	78.000829130
79.000000000	0.188803417	3.600000000	3.600000000	23.973900000	23.973900000	116.229064240	116.229064240	79.000861431
80.000000000	0.191193333	3.600000000	3.600000000	23.973900000	23.973900000	116.229064240	116.229064240	80.000894560
81.000000000	0.193583250	3.600000000	3.600000000	23.973900000	23.973900000	116.229064240	116.229064240	81.000928528
82.000000000	0.195973167	3.600000000	3.600000000	23.973900000	23.973900000	116.229064240	116.229064240	82.000963345
83.000000000	0.198363083	3.600000000	3.600000000	23.973900000	23.973900000	116.229064240	116.229064240	83.000999021
84.000000000	0.200753000	3.600000000	3.600000000	23.973900000	23.973900000	116.229064240	116.229064240	84.001035568
85.000000000	0.203142917	3.600000000	3.600000000	23.973900000	23.973900000	116.229064240	116.229064240	85.001072996
86.000000000	0.205532833	3.600000000	3.600000000	23.973900000	23.973900000	116.229064240	116.229064240	86.001111314
87.000000000	0.207922750	3.600000000	3.600000000	23.973900000	23.973900000	116.229064240	116.229064240	87.001150534
88.000000000	0.210312667	3.600000000	3.600000000	23.973900000	23.973900000	116.229064240	116.229064240	88.001190667
89.000000000	0.212702583	3.600000000	3.600000000	23.973900000	23.973900000	116.229064240	116.229064240	89.001231722
90.000000000	0.215092500	3.600000000	3.600000000	23.973900000	23.973900000	116.229064240	116.229064240	90.001273710
91.000000000	0.217482417	3.600000000	3.600000000	23.973900000	23.973900000	116.229064240	116.229064240	91.001316641
92.000000000	0.219872333	3.600000000	3.600000000	23.973900000	23.973900000	116.229064240	116.229064240	92.001360527
93.000000000	0.222262250	3.600000000	3.600000000	23.973900000	23.973900000	116.229064240	116.229064240	93.001405377
94.000000000	0.224652167	3.600000000	3.600000000	23.973900000	23.973900000	116.229064240	116.229064240	94.001451203
95.000000000	0.227042083	3.600000000	3.600000000	23.973900000	23.973900000	116.229064240	116.229064240	95.001498013
96.000000000	0.229432000	3.600000000	3.600000000	23.973900000	23.973900000	116.229064240	116.229064240	96.001545820
97.000000000	0.231821917	3.600000000	3.600000000	23.973900000	23.973900000	116.229064240	116.229064240	97.001594633
98.000000000	0.234211833	3.600000000	3.600000000	23.973900000	23.973900000	116.229064240	116.229064240	98.001644464
99.000000000	0.236601750	3.600000000	3.600000000	23.973900000	23.973900000	116.229064240	116.229064240	99.001695321
100.000000000	0.238991667	3.600000000	3.600000000	23.973900000	23.973900000	116.229064240	116.229064240	100.001747217
101.000000000	0.241381583	3.600000000	3.600000000	23.973900000	23.973900000	116.229064240	116.229064240	101.001800161
102.000000000	0.243771500	3.600000000	3.600000000	23.973900000	23.973900000	116.229064240	116.229064240	102.001854164
103.000000000	0.246161417	3.600000000	3.600000000	23.973900000	23.973900000	116.229064240	116.229064240	103.001909237
104.000000000	0.248551333	3.600000000	3.600000000	23.973900000	23.973900000	116.229064240	116.229064240	104.001965389
105.000000000	0.250941250	3.600000000	3.600000000	23.973900000	23.973900000	116.229064240	116.229064240	105.002022632
106.000000000	0.253331167	3.600000000	3.600000000	23.973900000	23.973900000	116.229064240	116.229064240	106.002080976
107.000000000	0.255721083	3.600000000	3.600000000	23.973900000	23.973900000	116.229064240	116.229064240	107.002140431
108.000000000	0.258111000	3.600000000	3.600000000	23.973900000	23.973900000	116.229064240	116.229064240	108.002201008
109.000000000	0.260500917	3.600000000	3.600000000	23.973900000	23.973900000	116.229064240	116.229064240	109.002262717
110.000000000	0.262890833	3.600000000	3.600000000	23.973900000	23.973900000	116.229064240	116.229064240	110.002325569
111.000000000	0.265280750	3.600000000	3.600000000	23.973900000	23.973900000	116.229064240	116.229064240	111.002389574
112.000000000	0.267670667	3.600000000	3.600000000	23.973900000	23.973900000	116.229064240	116.229064240	112.002454744
113.000000000	0.270060583	3.600000000	3.600000000	23.973900000	23.973900000	116.229064240	116.229064240	113.002521087
114.000000000	0.272450500	3.600000000	3.600000000	23.973900000	23.973900000	116.229064240	116.229064240	114.002588616
115.000000000	0.274840417	3.600000000	3.600000000	23.973900000	23.973900000	116.229064240	116.229064240	115.002657339
116.000000000	0.277230333	3.600000000	3.600000000	23.973900000	23.973900000	116.229064240	116.229064240	116.002727269
117.000000000	0.279620250	3.600000000	3.600000000	23.973900000	23.973900000	116.229064240	116.229064240	117.002798414
118.000000000	0.282010167	3.600000000	3.600000000	23.973900000	23.973900000	116.229064240	116.229064240	118.002870787
119.000000000	0.284400083	3.600000000	3.600000000	23.973900000	23.973900000	116.229064240	116.229064240	119.002944396
120.000000000	0.286790000	3.600000000	3.600000000	23.973900000	23.973900000	116.229064240	116.229064240	120.003019254
121.000000000	0.289179917	3.600000000	3.600000000	23.973900000	23.973900000	116.229064240	116.229064240	121.003095369
122.000000000	0.291569833	3.600000000	3.600000000	23.973900000	23.973900000	116.229064240	116.229064240	122.003172754
123.000000000	0.293959750	3.600000000	3.600000000	23.973900000	23.973900000	116.229064240	116.229064240	123.003251417
124.000000000	0.296349667	3.600000000	3.600000000	23.973900000	23.973900000	116.229064240	116.229064240	124.003331370
125.000000000	0.298739583	3.600000000	3.600000000	23.973900000	23.973900000	116.229064240	116.229064240	125.003412624
126.000000000	0.301129500	3.600000000	3.600000000	23.973900000	23.973900000	116.229064240	116.229064240	126.003495188
127.000000000	0.303519417	3.600000000	3.600000000	23.973900000	23.973900000	116.229064240	116.229064240	127.003579073
128.000000000	0.305909333	3.600000000	3.600000000	23.973900000	23.973900000	116.229064240	116.229064240	128.003664290
129.000000000	0.308299250	3.600000000	3.600000000	23.973900000	23.973900000	116.229064240	116.229064240	129.003750849
130.000000000	0.310689167	3.600000000	3.600000000	23.973900000	23.973900000	116.229064240	116.229064240	130.003838761
131.000000000	0.313079083	3.600000000	3.600000000	23.973900000	23.973900000	116.229064240	116.229064240	131.003928036
132.000000000	0.315469000	3.600000000	3.600000000	23.973900000	23.973900000	116.229064240	116.229064240	132.004018684
133.000000000	0.317858917	3.600000000	3.600000000	23.973900000	23.973900000	116.229064240	116.229064240	133.004110717
134.000000000	0.320248833	3.600000000	3.600000000	23.973900000	23.973900000	116.229064240	116.229064240	134.004204144
135.000000000	0.322638750	3.600000000	3.600000000	23.973900000	23.973900000	116.229064240	116.229064240	135.004298976
136.000000000	0.325028667	3.600000000	3.600000000	23.973900000	23.973900000	116.229064240	116.229064240	136.004395224
137.000000000	0.327418583	3.600000000	3.600000000	23.973900000	23.973900000	116.229064240	116.229064240	137.004492898
138.000000000	0.329808500	3.600000000	3.600000000	23.973900000	23.973900000	116.229064240	116.229064240	138.004592008
139.000000000	0.332198417	3.600000000	3.600000000	23.973900000	23.973900000	116.229064240	116.229064240	139.004692566
140.000000000	0.334588333	3.600000000	3.600000000	23.973900000	23.973900000	116.229064240	116.229064240	140.004794581
141.000000000	0.336978250	3.600000000	3.600000000	23.973900000	23.973900000	116.229064240	116.229064240	141.004898064
142.000000000	0.339368167	3.600000000	3.600000000	23.973900000	23.973900000	116.229064240	116.229064240	142.005003026
143.000000000	0.341758083	3.600000000	3.600000000	23.973900000	23.973900000	116.229064240	116.229064240	143.005109476
144.000000000	0.344148000	3.600000000	3.600000000	23.973900000	23.973900000	116.229064240	116.229064240	144.005217426
145.000000000	0.346537917	3.600000000	3.600000000	23.973900000	23.973900000	116.229064240	116.229064240	145.005326887
146.000000000	0.348927833	3.600000000	3.600000000	23.973900000	23.973900000	116.229064240	116.229064240	146.005437867
147.000000000	0.351317750	3.600000000	3.600000000	23.973900000	23.973900000	116.229064240	116.229064240	147.005550379
148.000000000	0.353707667	3.600000000	3.600000000	23.973900000	23.973900000	116.229064240	116.229064240	148.005664432
149.000000000	0.356097583	3.600000000	3.600000000	23.973900000	23.973900000	116.229064240	116.229064240	149.005780038
150.000000000	0.358487500	3.600000000	3.600000000	23.973900000	23.973900000	116.229064240	116.229064240	150.005897205
151.000000000	0.360877417	3.600000000	3.600000000	23.973900000	23.973900000	116.229064240	116.229064240	151.006015946
152.000000000	0.363267333	3.600000000	3.600000000	23.973900000	23.973900000	116.229064240	116.229064240	152.006136270
153.000000000	0.365657250	3.600000000	3.600000000	23.973900000	23.973900000	116.229064240	116.229064240	153.006258188
154.000000000	0.368047167	3.600000000	3.600000000	23.973900000	23.973900000	116.229064240	116.229064240	154.006381711
155.000000000	0.370437083	3.600000000	3.600000000	23.973900000	23.973900000	116.229064240	116.229064240	155.006506848
156.000000000	0.372827000	3.600000000	3.600000000	23.973900000	23.973900000	116.229064240	116.229064240	156.006633611
157.000000000	0.375216917	3.600000000	3.600000000	23.973900000	23.973900000	116.229064240	116.229064240	157.006762010
158.000000000	0.377606833	3.600000000	3.600000000	23.973900000	23.973900000	116.229064240	116.229064240	158.006892056
159.000000000	0.379996750	3.600000000	3.600000000	23.973900000	23.973900000	116.229064240	116.229064240	159.007023758
160.000000000	0.382386667	3.600000000	3.600000000	23.973900000	23.973900000	116.229064240	116.229064240	160.007157128
161.000000000	0.384776583	3.600000000	3.600000000	23.973900000	23.973900000	116.229064240	116.229064240	161.007292175
162.000000000	0.387166500	3.600000000	3.600000000	23.973900000	23.973900000	116.229064240	116.229064240	162.007428912
163.000000000	0.389556417	3.600000000	3.600000000	23.973900000	23.973900000	116.229064240	116.229064240	163.007567347
164.000000000	0.391946333	3.600000000	3.600000000	23.973900000	23.973900000	116.229064240	116.229064240	164.007707491
165.000000000	0.394336250	3.600000000	3.600000000	23.973900000	23.973900000	116.229064240	116.229064240	165.007849355
166.000000000	0.396726167	3.600000000	3.600000000	23.973900000	23.973900000	116.229064240	116.229064240	166.007992950
167.000000000	0.399116083	3.600000000	3.600000000	23.973900000	23.973900000	116.229064240	116.229064240	167.008138286
168.000000000	0.401506000	3.600000000	3.600000000	23.973900000	23.973900000	116.229064240	116.229064240	168.008285373
169.000000000	0.403895917	3.600000000	3.600000000	23.973900000	23.973900000	116.229064240	116.229064240	169.008434222
170.000000000	0.406285833	3.600000000	3.600000000	23.973900000	23.973900000	116.229064240	116.229064240	170.008584843
171.000000000	0.408675750	3.600000000	3.600000000	23.973900000	23.973900000	116.229064240	116.229064240	171.008737247
172.000000000	0.411065667	3.600000000	3.600000000	23.973900000	23.973900000	116.229064240	116.229064240	172.008891445
173.000000000	0.413455583	3.600000000	3.600000000	23.973900000	23.973900000	116.229064240	116.229064240	173.009047446
174.000000000	0.415845500	3.600000000	3.600000000	23.973900000	23.973900000	116.229064240	116.229064240	174.009205262
175.000000000	0.418235417	3.600000000	3.600000000	23.973900000	23.973900000	116.229064240	116.229064240	175.009364903
176.000000000	0.420625333	3.600000000	3.600000000	23.973900000	23.973900000	116.229064240	116.229064240	176.009526379
177.000000000	0.423015250	3.600000000	3.600000000	23.973900000	23.973900000	116.229064240	116.229064240	177.009689701
178.000000000	0.425405167	3.600000000	3.600000000	23.973900000	23.973900000	116.229064240	116.229064240	178.009854879
179.000000000	0.427795083	3.600000000	3.600000000	23.973900000	23.973900000	116.229064240	116.229064240	179.010021924
180.000000000	0.430185000	3.600000000	3.600000000	23.973900000	23.973900000	116.229064240	116.229064240	180.010190847
181.000000000	0.432574917	3.600000000	3.600000000	23.973900000	23.973900000	116.229064240	116.229064240	181.010361657
182.000000000	0.434964833	3.600000000	3.600000000	23.973900000	23.973900000	116.229064240	116.229064240	182.010534366
183.000000000	0.437354750	3.600000000	3.600000000	23.973900000	23.973900000	116.229064240	116.229064240	183.010708984
184.000000000	0.439744667	3.600000000	3.600000000	23.973900000	23.973900000	116.229064240	116.229064240	184.010885521
185.000000000	0.442134583	3.600000000	3.600000000	23.973900000	23.973900000	116.229064240	116.229064240	185.011063988
186.000000000	0.444524500	3.600000000	3.600000000	23.973900000	23.973900000	116.229064240	116.229064240	186.011244395
187.000000000	0.446914417	3.600000000	3.600000000	23.973900000	23.973900000	116.229064240	116.229064240	187.011426753
188.000000000	0.449304333	3.600000000	3.600000000	23.973900000	23.973900000	116.229064240	116.229064240	188.011611073
189.000000000	0.451694250	3.600000000	3.600000000	23.973900000	23.973900000	116.229064240	116.229064240	189.011797364
190.000000000	0.454084167	3.600000000	3.600000000	23.973900000	23.973900000	116.229064240	116.229064240	190.011985638
191.000000000	0.456474083	3.600000000	3.600000000	23.973900000	23.973900000	116.229064240	116.229064240	191.012175904
192.000000000	0.458864000	3.600000000	3.600000000	23.973900000	23.973900000	116.229064240	116.229064240	192.012368174
193.000000000	0.461253917	3.600000000	3.600000000	23.973900000	23.973900000	116.229064240	116.229064240	193.012562458
194.000000000	0.463643833	3.600000000	3.600000000	23.973900000	23.973900000	116.229064240	116.229064240	194.012758766
195.000000000	0.466033750	3.600000000	3.600000000	23.973900000	23.973900000	116.229064240	116.229064240	195.012957109
196.000000000	0.468423667	3.600000000	3.600000000	23.973900000	23.973900000	116.229064240	116.229064240	196.013157498
197.000000000	0.470813583	3.600000000	3.600000000	23.973900000	23.973900000	116.229064240	116.229064240	197.013359942
198.000000000	0.473203500	3.600000000	3.600000000	23.973900000	23.973900000	116.229064240	116.229064240	198.013564453
199.000000000	0.475593417	3.600000000	3.600000000	23.973900000	23.973900000	116.229064240	116.229064240	199.013771040
200.000000000	0.477983333	3.600000000	3.600000000	23.973900000	23.973900000	116.229064240	116.229064240	200.013979715
201.000000000	0.480373250	3.600000000	3.600000000	23.973900000	23.973900000	116.229064240	116.229064240	201.014190488
202.000000000	0.482763167	3.600000000	3.600000000	23.973900000	23.973900000	116.229064240	116.229064240	202.014403369
203.000000000	0.485153083	3.600000000	3.600000000	23.973900000	23.973900000	116.229064240	116.229064240	203.014618369
204.000000000	0.487543000	3.600000000	3.600000000	23.973900000	23.973900000	116.229064240	116.229064240	204.014835499
205.000000000	0.489932917	3.600000000	3.600000000	23.973900000	23.973900000	116.229064240	116.229064240	205.015054768
206.000000000	0.492322833	3.600000000	3.600000000	23.973900000	23.973900000	116.229064240	116.229064240	206.015276188
207.000000000	0.494712750	3.600000000	3.600000000	23.973900000	23.973900000	116.229064240	116.229064240	207.015499768
208.000000000	0.497102667	3.600000000	3.600000000	23.973900000	23.973900000	116.229064240	116.229064240	208.015725520
209.000000000	0.499492583	3.600000000	3.600000000	23.973900000	23.973900000	116.229064240	116.229064240	209.015953454
210.000000000	0.501882500	3.600000000	3.600000000	23.973900000	23.973900000	116.229064240	116.229064240	210.016183581
211.000000000	0.504272417	3.600000000	3.600000000	23.973900000	23.973900000	116.229064240	116.229064240	211.016415910
212.000000000	0.506662333	3.600000000	3.600000000	23.973900000	23.973900000	116.229064240	116.229064240	212.016650453
213.000000000	0.509052250	3.600000000	3.600000000	23.973900000	23.973900000	116.229064240	116.229064240	213.016887219
214.000000000	0.511442167	3.600000000	3.600000000	23.973900000	23.973900000	116.229064240	116.229064240	214.017126221
215.000000000	0.513832083	3.600000000	3.600000000	23.973900000	23.973900000	116.229064240	116.229064240	215.017367467
216.000000000	0.516222000	3.600000000	3.600000000	23.973900000	23.973900000	116.229064240	116.229064240	216.017610968
217.000000000	0.518611917	3.600000000	3.600000000	23.973900000	23.973900000	116.229064240	116.229064240	217.017856735
218.000000000	0.521001833	3.600000000	3.600000000	23.973900000	23.973900000	116.229064240	116.229064240	218.018104779
219.000000000	0.523391750	3.600000000	3.600000000	23.973900000	23.973900000	116.229064240	116.229064240	219.018355110
220.000000000	0.525781667	3.600000000	3.600000000	23.973900000	23.973900000	116.229064240	116.229064240	220.018607738
221.000000000	0.528171583	3.600000000	3.600000000	23.973900000	23.973900000	116.229064240	116.229064240	221.018862675
222.000000000	0.530561500	3.600000000	3.600000000	23.973900000	23.973900000	116.229064240	116.229064240	222.019119929
223.000000000	0.532951417	3.600000000	3.600000000	23.973900000	23.973900000	116.229064240	116.229064240	223.019379513
224.000000000	0.535341333	3.600000000	3.600000000	23.973900000	23.973900000	116.229064240	116.229064240	224.019641436
225.000000000	0.537731250	3.600000000	3.600000000	23.973900000	23.973900000	116.229064240	116.229064240	225.019905710
226.000000000	0.540121167	3.600000000	3.600000000	23.973900000	23.973900000	116.229064240	116.229064240	226.020172343
227.000000000	0.542511083	3.600000000	3.600000000	23.973900000	23.973900000	116.229064240	116.229064240	227.020441348
228.000000000	0.544901000	3.600000000	3.600000000	23.973900000	23.973900000	116.229064240	116.229064240	228.020712734
229.000000000	0.547290917	3.600000000	3.600000000	23.973900000	23.973900000	116.229064240	116.229064240	229.020986513
230.000000000	0.549680833	3.600000000	3.600000000	23.973900000	23.973900000	116.229064240	116.229064240	230.021262694
231.000000000	0.552070750	3.600000000	3.600000000	23.973900000	23.973900000	116.229064240	116.229064240	231.021541287
232.000000000	0.554460667	3.600000000	3.600000000	23.973900000	23.973900000	116.229064240	116.229064240	232.021822305
233.000000000	0.556850583	3.600000000	3.600000000	23.973900000	23.973900000	116.229064240	116.229064240	233.022105756
234.000000000	0.559240500	3.600000000	3.600000000	23.973900000	23.973900000	116.229064240	116.229064240	234.022391653
235.000000000	0.561630417	3.600000000	3.600000000	23.973900000	23.973900000	116.229064240	116.229064240	235.022680004
236.000000000	0.564020333	3.600000000	3.600000000	23.973900000	23.973900000	116.229064240	116.229064240	236.022970821
237.000000000	0.566410250	3.600000000	3.600000000	23.973900000	23.973900000	116.229064240	116.229064240	237.023264114
238.000000000	0.568800167	3.600000000	3.600000000	23.973900000	23.973900000	116.229064240	116.229064240	238.023559893
239.000000000	0.571190083	3.600000000	3.600000000	23.973900000	23.973900000	116.229064240	116.229064240	239.023858170
240.000000000	0.573580000	3.600000000	3.600000000	23.973900000	23.973900000	116.229064240	116.229064240	240.024158954
241.000000000	0.575969917	3.600000000	3.600000000	23.973900000	23.973900000	116.229064240	116.229064240	241.024462257
242.000000000	0.578359833	3.600000000	3.600000000	23.973900000	23.973900000	116.229064240	116.229064240	242.024768088
243.000000000	0.580749750	3.600000000	3.600000000	23.973900000	23.973900000	116.229064240	116.229064240	243.025076458
244.000000000	0.583139667	3.600000000	3.600000000	23.973900000	23.973900000	116.229064240	116.229064240	244.025387378
245.000000000	0.585529583	3.600000000	3.600000000	23.973900000	23.973900000	116.229064240	116.229064240	245.025700858
246.000000000	0.587919500	3.600000000	3.600000000	23.973900000	23.973900000	116.229064240	116.229064240	246.026016909
247.000000000	0.590309417	3.600000000	3.600000000	23.973900000	23.973900000	116.229064240	116.229064240	247.026335541
248.000000000	0.592699333	3.600000000	3.600000000	23.973900000	23.973900000	116.229064240	116.229064240	248.026656765
249.000000000	0.595089250	3.600000000	3.600000000	23.973900000	23.973900000	116.229064240	116.229064240	249.026980591
250.000000000	0.597479167	3.600000000	3.600000000	23.973900000	23.973900000	116.229064240	116.229064240	250.027307030
251.000000000	0.599869083	3.600000000	3.600000000	23.973900000	23.973900000	116.229064240	116.229064240	251.027636093
252.000000000	0.602259000	3.600000000	3.600000000	23.973900000	23.973900000	116.229064240	116.229064240	252.027967789
253.000000000	0.604648917	3.600000000	3.600000000	23.973900000	23.973900000	116.229064240	116.229064240	253.028302129
254.000000000	0.607038833	3.600000000	3.600000000	23.973900000	23.973900000	116.229064240	116.229064240	254.028639124
255.000000000	0.609428750	3.600000000	3.600000000	23.973900000	23.973900000	116.229064240	116.229064240	255.028978784
256.000000000	0.611818667	3.600000000	3.600000000	23.973900000	23.973900000	116.229064240	116.229064240	256.029321121
257.000000000	0.614208583	3.600000000	3.600000000	23.973900000	23.973900000	116.229064240	116.229064240	257.029666143
258.000000000	0.616598500	3.600000000	3.600000000	23.973900000	23.973900000	116.229064240	116.229064240	258.030013863
259.000000000	0.618988417	3.600000000	3.600000000	23.973900000	23.973900000	116.229064240	116.229064240	259.030364290
260.000000000	0.621378333	3.600000000	3.600000000	23.973900000	23.973900000	116.229064240	116.229064240	260.030717435
261.000000000	0.623768250	3.600000000	3.600000000	23.973900000	23.973900000	116.229064240	116.229064240	261.031073308
262.000000000	0.626158167	3.600000000	3.600000000	23.973900000	23.973900000	116.229064240	116.229064240	262.031431920
263.000000000	0.628548083	3.600000000	3.600000000	23.973900000	23.973900000	116.229064240	116.229064240	263.031793282
264.000000000	0.630938000	3.600000000	3.600000000	23.973900000	23.973900000	116.229064240	116.229064240	264.032157404
265.000000000	0.633327917	3.600000000	3.600000000	23.973900000	23.973900000	116.229064240	116.229064240	265.032524296
266.000000000	0.635717833	3.600000000	3.600000000	23.973900000	23.973900000	116.229064240	116.229064240	266.032893969
267.000000000	0.638107750	3.600000000	3.600000000	23.973900000	23.973900000	116.229064240	116.229064240	267.033266434
268.000000000	0.640497667	3.600000000	3.600000000	23.973900000	23.973900000	116.229064240	116.229064240	268.033641701
269.000000000	0.642887583	3.600000000	3.600000000	23.973900000	23.973900000	116.229064240	116.229064240	269.034019780
270.000000000	0.645277500	3.600000000	3.600000000	23.973900000	23.973900000	116.229064240	116.229064240	270.034400682
271.000000000	0.647667417	3.600000000	3.600000000	23.973900000	23.973900000	116.229064240	116.229064240	271.034784418
272.000000000	0.650057333	3.600000000	3.600000000	23.973900000	23.973900000	116.229064240	116.229064240	272.035170999
273.000000000	0.652447250	3.600000000	3.600000000	23.973900000	23.973900000	116.229064240	116.229064240	273.035560433
274.000000000	0.654837167	3.600000000	3.600000000	23.973900000	23.973900000	116.229064240	116.229064240	274.035952733
275.000000000	0.657227083	3.600000000	3.600000000	23.973900000	23.973900000	116.229064240	116.229064240	275.036347909
276.000000000	0.659617000	3.600000000	3.600000000	23.973900000	23.973900000	116.229064240	116.229064240	276.036745971
277.000000000	0.662006917	3.600000000	3.600000000	23.973900000	23.973900000	116.229064240	116.229064240	277.037146929
278.000000000	0.664396833	3.600000000	3.600000000	23.973900000	23.973900000	116.229064240	116.229064240	278.037550795
279.000000000	0.666786750	3.600000000	3.600000000	23.973900000	23.973900000	116.229064240	116.229064240	279.037957579
280.000000000	0.669176667	3.600000000	3.600000000	23.973900000	23.973900000	116.229064240	116.229064240	280.038367291
281.000000000	0.671566583	3.600000000	3.600000000	23.973900000	23.973900000	116.229064240	116.229064240	281.038779941
282.000000000	0.673956500	3.600000000	3.600000000	23.973900000	23.973900000	116.229064240	116.229064240	282.039195542
283.000000000	0.676346417	3.600000000	3.600000000	23.973900000	23.973900000	116.229064240	116.229064240	283.039614101
284.000000000	0.678736333	3.600000000	3.600000000	23.973900000	23.973900000	116.229064240	116.229064240	284.040035632
285.000000000	0.681126250	3.600000000	3.600000000	23.973900000	23.973900000	116.229064240	116.229064240	285.040460143
286.000000000	0.683516167	3.600000000	3.600000000	23.973900000	23.973900000	116.229064240	116.229064240	286.040887645
287.000000000	0.685906083	3.600000000	3.600000000	23.973900000	23.973900000	116.229064240	116.229064240	287.041318150
288.000000000	0.688296000	3.600000000	3.600000000	23.973900000	23.973900000	116.229064240	116.229064240	288.041751667
289.000000000	0.690685917	3.600000000	3.600000000	23.973900000	23.973900000	116.229064240	116.229064240	289.042188207
290.000000000	0.693075833	3.600000000	3.600000000	23.973900000	23.973900000	116.229064240	116.229064240	290.042627780
291.000000000	0.695465750	3.600000000	3.600000000	23.973900000	23.973900000	116.229064240	116.229064240	291.043070398
292.000000000	0.697855667	3.600000000	3.600000000	23.973900000	23.973900000	116.229064240	116.229064240	292.043516070
293.000000000	0.700245583	3.600000000	3.600000000	23.973900000	23.973900000	116.229064240	116.229064240	293.043964807
294.000000000	0.702635500	3.600000000	3.600000000	23.973900000	23.973900000	116.229064240	116.229064240	294.044416620
295.000000000	0.705025417	3.600000000	3.600000000	23.973900000	23.973900000	116.229064240	116.229064240	295.044871519
296.000000000	0.707415333	3.600000000	3.600000000	23.973900000	23.973900000	116.229064240	116.229064240	296.045329514
297.000000000	0.709805250	3.600000000	3.600000000	23.973900000	23.973900000	116.229064240	116.229064240	297.045790617
298.000000000	0.712195167	3.600000000	3.600000000	23.973900000	23.973900000	116.229064240	116.229064240	298.046254838
299.000000000	0.714585083	3.600000000	3.600000000	23.973900000	23.973900000	116.229064240	116.229064240	299.046722186
300.000000000	0.716975000	3.600000000	3.600000000	23.973900000	23.973900000	116.229064240	116.229064240	300.047192674
301.000000000	0.719364917	3.600000000	3.600000000	23.973900000	23.973900000	116.229064240	116.229064240	301.047666311
302.000000000	0.721754833	3.600000000	3.600000000	23.973900000	23.973900000	116.229064240	116.229064240	302.048143107
303.000000000	0.724144750	3.600000000	3.600000000	23.973900000	23.973900000	116.229064240	116.229064240	303.048623074
304.000000000	0.726534667	3.600000000	3.600000000	23.973900000	23.973900000	116.229064240	116.229064240	304.049106222
305.000000000	0.728924583	3.600000000	3.600000000	23.973900000	23.973900000	116.229064240	116.229064240	305.049592561
306.000000000	0.731314500	3.600000000	3.600000000	23.973900000	23.973900000	116.229064240	116.229064240	306.050082103
307.000000000	0.733704417	3.600000000	3.600000000	23.973900000	23.973900000	116.229064240	116.229064240	307.050574856
308.000000000	0.736094333	3.600000000	3.600000000	23.973900000	23.973900000	116.229064240	116.229064240	308.051070833
309.000000000	0.738484250	3.600000000	3.600000000	23.973900000	23.973900000	116.229064240	116.229064240	309.051570043
310.000000000	0.740874167	3.600000000	3.600000000	23.973900000	23.973900000	116.229064240	116.229064240	310.052072497
311.000000000	0.743264083	3.600000000	3.600000000	23.973900000	23.973900000	116.229064240	116.229064240	311.052578206
312.000000000	0.745654000	3.600000000	3.600000000	23.973900000	23.973900000	116.229064240	116.229064240	312.053087180
313.000000000	0.748043917	3.600000000	3.600000000	23.973900000	23.973900000	116.229064240	116.229064240	313.053599430
314.000000000	0.750433833	3.600000000	3.600000000	23.973900000	23.973900000	116.229064240	116.229064240	314.054114966
315.000000000	0.752823750	3.600000000	3.600000000	23.973900000	23.973900000	116.229064240	116.229064240	315.054633798
316.000000000	0.755213667	3.600000000	3.600000000	23.973900000	23.973900000	116.229064240	116.229064240	316.055155938
317.000000000	0.757603583	3.600000000	3.600000000	23.973900000	23.973900000	116.229064240	116.229064240	317.055681396
318.000000000	0.759993500	3.600000000	3.600000000	23.973900000	23.973900000	116.229064240	116.229064240	318.056210181
319.000000000	0.762383417	3.600000000	3.600000000	23.973900000	23.973900000	116.229064240	116.229064240	319.056742306
320.000000000	0.764773333	3.600000000	3.600000000	23.973900000	23.973900000	116.229064240	116.229064240	320.057277780
321.000000000	0.767163250	3.600000000	3.600000000	23.973900000	23.973900000	116.229064240	116.229064240	321.057816614
322.000000000	0.769553167	3.600000000	3.600000000	23.973900000	23.973900000	116.229064240	116.229064240	322.058358818
323.000000000	0.771943083	3.600000000	3.600000000	23.973900000	23.973900000	116.229064240	116.229064240	323.058904404
324.000000000	0.774333000	3.600000000	3.600000000	23.973900000	23.973900000	116.229064240	116.229064240	324.059453381
325.000000000	0.776722917	3.600000000	3.600000000	23.973900000	23.973900000	116.229064240	116.229064240	325.060005760
326.000000000	0.779112833	3.600000000	3.600000000	23.973900000	23.973900000	116.229064240	116.229064240	326.060561551
327.000000000	0.781502750	3.600000000	3.600000000	23.973900000	23.973900000	116.229064240	116.229064240	327.061120766
328.000000000	0.783892667	3.600000000	3.600000000	23.973900000	23.973900000	116.229064240	116.229064240	328.061683414
329.000000000	0.786282583	3.600000000	3.600000000	23.973900000	23.973900000	116.229064240	116.229064240	329.062249506
330.000000000	0.788672500	3.600000000	3.600000000	23.973900000	23.973900000	116.229064240	116.229064240	330.062819054
331.000000000	0.791062417	3.600000000	3.600000000	23.973900000	23.973900000	116.229064240	116.229064240	331.063392066
332.000000000	0.793452333	3.600000000	3.600000000	23.973900000	23.973900000	116.229064240	116.229064240	332.063968554
333.000000000	0.795842250	3.600000000	3.600000000	23.973900000	23.973900000	116.229064240	116.229064240	333.064548529
334.000000000	0.798232167	3.600000000	3.600000000	23.973900000	23.973900000	116.229064240	116.229064240	334.065132000
335.000000000	0.800622083	3.600000000	3.600000000	23.973900000	23.973900000	116.229064240	116.229064240	335.065718979
336.000000000	0.803012000	3.600000000	3.600000000	23.973900000	23.973900000	116.229064240	116.229064240	336.066309476
337.000000000	0.805401917	3.600000000	3.600000000	23.973900000	23.973900000	116.229064240	116.229064240	337.066903501
338.000000000	0.807791833	3.600000000	3.600000000	23.973900000	23.973900000	116.229064240	116.229064240	338.067501066
339.000000000	0.810181750	3.600000000	3.600000000	23.973900000	23.973900000	116.229064240	116.229064240	339.068102179
340.000000000	0.812571667	3.600000000	3.600000000	23.973900000	23.973900000	116.229064240	116.229064240	340.068706853
341.000000000	0.814961583	3.600000000	3.600000000	23.973900000	23.973900000	116.229064240	116.229064240	341.069315098
342.000000000	0.817351500	3.600000000	3.600000000	23.973900000	23.973900000	116.229064240	116.229064240	342.069926924
343.000000000	0.819741417	3.600000000	3.600000000	23.973900000	23.973900000	116.229064240	116.229064240	343.070542341
344.000000000	0.822131333	3.600000000	3.600000000	23.973900000	23.973900000	116.229064240	116.229064240	344.071161361
345.000000000	0.824521250	3.600000000	3.600000000	23.973900000	23.973900000	116.229064240	116.229064240	345.071783994
346.000000000	0.826911167	3.600000000	3.600000000	23.973900000	23.973900000	116.229064240	116.229064240	346.072410250
347.000000000	0.829301083	3.600000000	3.600000000	23.973900000	23.973900000	116.229064240	116.229064240	347.073040139
348.000000000	0.831691000	3.600000000	3.600000000	23.973900000	23.973900000	116.229064240	116.229064240	348.073673674
349.000000000	0.834080917	3.600000000	3.600000000	23.973900000	23.973900000	116.229064240	116.229064240	349.074310863
350.000000000	0.836470833	3.600000000	3.600000000	23.973900000	23.973900000	116.229064240	116.229064240	350.074951718
351.000000000	0.838860750	3.600000000	3.600000000	23.973900000	23.973900000	116.229064240	116.229064240	351.075596248
352.000000000	0.841250667	3.600000000	3.600000000	23.973900000	23.973900000	116.229064240	116.229064240	352.076244466
353.000000000	0.843640583	3.600000000	3.600000000	23.973900000	23.973900000	116.229064240	116.229064240	353.076896380
354.000000000	0.846030500	3.600000000	3.600000000	23.973900000	23.973900000	116.229064240	116.229064240	354.077552003
355.000000000	0.848420417	3.600000000	3.600000000	23.973900000	23.973900000	116.229064240	116.229064240	355.078211343
356.000000000	0.850810333	3.600000000	3.600000000	23.973900000	23.973900000	116.229064240	116.229064240	356.078874413
357.000000000	0.853200250	3.600000000	3.600000000	23.973900000	23.973900000	116.229064240	116.229064240	357.079541221
358.000000000	0.855590167	3.600000000	3.600000000	23.973900000	23.973900000	116.229064240	116.229064240	358.080211780
359.000000000	0.857980083	3.600000000	3.600000000	23.973900000	23.973900000	116.229064240	116.229064240	359.080886099
360.000000000	0.860370000	3.600000000	3.600000000	23.973900000	23.973900000	116.229064240	116.229064240	360.081564188
361.000000000	0.862759917	3.600000000	3.600000000	23.973900000	23.973900000	116.229064240	116.229064240	361.082246060
362.000000000	0.865149833	3.600000000	3.600000000	23.973900000	23.973900000	116.229064240	116.229064240	362.082931723
363.000000000	0.867539750	3.600000000	3.600000000	23.973900000	23.973900000	116.229064240	116.229064240	363.083621189
364.000000000	0.869929667	3.600000000	3.600000000	23.973900000	23.973900000	116.229064240	116.229064240	364.084314469
365.000000000	0.872319583	3.600000000	3.600000000	23.973900000	23.973900000	116.229064240	116.229064240	365.085011571
366.000000000	0.874709500	3.600000000	3.600000000	23.973900000	23.973900000	116.229064240	116.229064240	366.085712509
367.000000000	0.877099417	3.600000000	3.600000000	23.973900000	23.973900000	116.229064240	116.229064240	367.086417291
368.000000000	0.879489333	3.600000000	3.600000000	23.973900000	23.973900000	116.229064240	116.229064240	368.087125928
369.000000000	0.881879250	3.600000000	3.600000000	23.973900000	23.973900000	116.229064240	116.229064240	369.087838431
370.000000000	0.884269167	3.600000000	3.600000000	23.973900000	23.973900000	116.229064240	116.229064240	370.088554811
371.000000000	0.886659083	3.600000000	3.600000000	23.973900000	23.973900000	116.229064240	116.229064240	371.089275078
372.000000000	0.889049000	3.600000000	3.600000000	23.973900000	23.973900000	116.229064240	116.229064240	372.089999242
373.000000000	0.891438917	3.600000000	3.600000000	23.973900000	23.973900000	116.229064240	116.229064240	373.090727314
374.000000000	0.893828833	3.600000000	3.600000000	23.973900000	23.973900000	116.229064240	116.229064240	374.091459305
375.000000000	0.896218750	3.600000000	3.600000000	23.973900000	23.973900000	116.229064240	116.229064240	375.092195225
376.000000000	0.898608667	3.600000000	3.600000000	23.973900000	23.973900000	116.229064240	116.229064240	376.092935085
377.000000000	0.900998583	3.600000000	3.600000000	23.973900000	23.973900000	116.229064240	116.229064240	377.093678896
378.000000000	0.903388500	3.600000000	3.600000000	23.973900000	23.973900000	116.229064240	116.229064240	378.094426667
379.000000000	0.905778417	3.600000000	3.600000000	23.973900000	23.973900000	116.229064240	116.229064240	379.095178409
380.000000000	0.908168333	3.600000000	3.600000000	23.973900000	23.973900000	116.229064240	116.229064240	380.095934134
381.000000000	0.910558250	3.600000000	3.600000000	23.973900000	23.973900000	116.229064240	116.229064240	381.096693851
382.000000000	0.912948167	3.600000000	3.600000000	23.973900000	23.973900000	116.229064240	116.229064240	382.097457571
383.000000000	0.915338083	3.600000000	3.600000000	23.973900000	23.973900000	116.229064240	116.229064240	383.098225305
384.000000000	0.917728000	3.600000000	3.600000000	23.973900000	23.973900000	116.229064240	116.229064240	384.098997063
385.000000000	0.920117917	3.600000000	3.600000000	23.973900000	23.973900000	116.229064240	116.229064240	385.099772856
386.000000000	0.922507833	3.600000000	3.600000000	23.973900000	23.973900000	116.229064240	116.229064240	386.100552694
387.000000000	0.924897750	3.600000000	3.600000000	23.973900000	23.973900000	116.229064240	116.229064240	387.101336588
388.000000000	0.927287667	3.600000000	3.600000000	23.973900000	23.973900000	116.229064240	116.229064240	388.102124548
389.000000000	0.929677583	3.600000000	3.600000000	23.973900000	23.973900000	116.229064240	116.229064240	389.102916585
390.000000000	0.932067500	3.600000000	3.600000000	23.973900000	23.973900000	116.229064240	116.229064240	390.103712710
391.000000000	0.934457417	3.600000000	3.600000000	23.973900000	23.973900000	116.229064240	116.229064240	391.104512933
392.000000000	0.936847333	3.600000000	3.600000000	23.973900000	23.973900000	116.229064240	116.229064240	392.105317265
393.000000000	0.939237250	3.600000000	3.600000000	23.973900000	23.973900000	116.229064240	116.229064240	393.106125716
394.000000000	0.941627167	3.600000000	3.600000000	23.973900000	23.973900000	116.229064240	116.229064240	394.106938296
395.000000000	0.944017083	3.600000000	3.600000000	23.973900000	23.973900000	116.229064240	116.229064240	395.107755017
396.000000000	0.946407000	3.600000000	3.600000000	23.973900000	23.973900000	116.229064240	116.229064240	396.108575889
397.000000000	0.948796917	3.600000000	3.600000000	23.973900000	23.973900000	116.229064240	116.229064240	397.109400922
398.000000000	0.951186833	3.600000000	3.600000000	23.973900000	23.973900000	116.229064240	116.229064240	398.110230127
399.000000000	0.953576750	3.600000000	3.600000000	23.973900000	23.973900000	116.229064240	116.229064240	399.111063515
400.000000000	0.955966667	3.600000000	3.600000000	23.973900000	23.973900000	116.229064240	116.229064240	400.111901096
401.000000000	0.958356583	3.600000000	3.600000000	23.973900000	23.973900000	116.229064240	116.229064240	401.112742881
402.000000000	0.960746500	3.600000000	3.600000000	23.973900000	23.973900000	116.229064240	116.229064240	402.113588880
403.000000000	0.963136417	3.600000000	3.600000000	23.973900000	23.973900000	116.229064240	116.229064240	403.114439103
404.000000000	0.965526333	3.600000000	3.600000000	23.973900000	23.973900000	116.229064240	116.229064240	404.115293563
405.000000000	0.967916250	3.600000000	3.600000000	23.973900000	23.973900000	116.229064240	116.229064240	405.116152268
406.000000000	0.970306167	3.600000000	3.600000000	23.973900000	23.973900000	116.229064240	116.229064240	406.117015229
407.000000000	0.972696083	3.600000000	3.600000000	23.973900000	23.973900000	116.229064240	116.229064240	407.117882458
408.000000000	0.975086000	3.600000000	3.600000000	23.973900000	23.973900000	116.229064240	116.229064240	408.118753964
409.000000000	0.977475917	3.600000000	3.600000000	23.973900000	23.973900000	116.229064240	116.229064240	409.119629759
410.000000000	0.979865833	3.600000000	3.600000000	23.973900000	23.973900000	116.229064240	116.229064240	410.120509852
411.000000000	0.982255750	3.600000000	3.600000000	23.973900000	23.973900000	116.229064240	116.229064240	411.121394254
412.000000000	0.984645667	3.600000000	3.600000000	23.973900000	23.973900000	116.229064240	116.229064240	412.122282977
413.000000000	0.987035583	3.600000000	3.600000000	23.973900000	23.973900000	116.229064240	116.229064240	413.123176030
414.000000000	0.989425500	3.600000000	3.600000000	23.973900000	23.973900000	116.229064240	116.229064240	414.124073424
415.000000000	0.991815417	3.600000000	3.600000000	23.973900000	23.973900000	116.229064240	116.229064240	415.124975170
416.000000000	0.994205333	3.600000000	3.600000000	23.973900000	23.973900000	116.229064240	116.229064240	416.125881277
417.000000000	0.996595250	3.600000000	3.600000000	23.973900000	23.973900000	116.229064240	116.229064240	417.126791758
418.000000000	0.998985167	3.600000000	3.600000000	23.973900000	23.973900000	116.229064240	116.229064240	418.127706622
419.000000000	1.001375083	3.600000000	3.600000000	23.973900000	23.973900000	116.229064240	116.229064240	419.128625879
420.000000000	1.003765000	3.600000000	3.600000000	23.973900000	23.973900000	116.229064240	116.229064240	420.129549542
421.000000000	1.006154917	3.600000000	3.600000000	23.973900000	23.973900000	116.229064240	116.229064240	421.130477619
422.000000000	1.008544833	3.600000000	3.600000000	23.973900000	23.973900000	116.229064240	116.229064240	422.131410122
423.000000000	1.010934750	3.600000000	3.600000000	23.973900000	23.973900000	116.229064240	116.229064240	423.132347060
424.000000000	1.013324667	3.600000000	3.600000000	23.973900000	23.973900000	116.229064240	116.229064240	424.133288446
425.000000000	1.015714583	3.600000000	3.600000000	23.973900000	23.973900000	116.229064240	116.229064240	425.134234289
426.000000000	1.018104500	3.600000000	3.600000000	23.973900000	23.973900000	116.229064240	116.229064240	426.135184600
427.000000000	1.020494417	3.600000000	3.600000000	23.973900000	23.973900000	116.229064240	116.229064240	427.136139389
428.000000000	1.022884333	3.600000000	3.600000000	23.973900000	23.973900000	116.229064240	116.229064240	428.137098668
429.000000000	1.025274250	3.600000000	3.600000000	23.973900000	23.973900000	116.229064240	116.229064240	429.138062445
430.000000000	1.027664167	3.600000000	3.600000000	23.973900000	23.973900000	116.229064240	116.229064240	430.139030734
431.000000000	1.030054083	3.600000000	3.600000000	23.973900000	23.973900000	116.229064240	116.229064240	431.140003542
432.000000000	1.032444000	3.600000000	3.600000000	23.973900000	23.973900000	116.229064240	116.229064240	432.140980883
433.000000000	1.034833917	3.600000000	3.600000000	23.973900000	23.973900000	116.229064240	116.229064240	433.141962765
434.000000000	1.037223833	3.600000000	3.600000000	23.973900000	23.973900000	116.229064240	116.229064240	434.142949199
435.000000000	1.039613750	3.600000000	3.600000000	23.973900000	23.973900000	116.229064240	116.229064240	435.143940197
436.000000000	1.042003667	3.600000000	3.600000000	23.973900000	23.973900000	116.229064240	116.229064240	436.144935768
437.000000000	1.044393583	3.600000000	3.600000000	23.973900000	23.973900000	116.229064240	116.229064240	437.145935923
438.000000000	1.046783500	3.600000000	3.600000000	23.973900000	23.973900000	116.229064240	116.229064240	438.146940673
439.000000000	1.049173417	3.600000000	3.600000000	23.973900000	23.973900000	116.229064240	116.229064240	439.147950029
440.000000000	1.051563333	3.600000000	3.600000000	23.973900000	23.973900000	116.229064240	116.229064240	440.148964000
441.000000000	1.053953250	3.600000000	3.600000000	23.973900000	23.973900000	116.229064240	116.229064240	441.149982598
442.000000000	1.056343167	3.600000000	3.600000000	23.973900000	23.973900000	116.229064240	116.229064240	442.151005833
443.000000000	1.058733083	3.600000000	3.600000000	23.973900000	23.973900000	116.229064240	116.229064240	443.152033716
444.000000000	1.061123000	3.600000000	3.600000000	23.973900000	23.973900000	116.229064240	116.229064240	444.153066257
445.000000000	1.063512917	3.600000000	3.600000000	23.973900000	23.973900000	116.229064240	116.229064240	445.154103467
446.000000000	1.065902833	3.600000000	3.600000000	23.973900000	23.973900000	116.229064240	116.229064240	446.155145356
447.000000000	1.068292750	3.600000000	3.600000000	23.973900000	23.973900000	116.229064240	116.229064240	447.156191935
448.000000000	1.070682667	3.600000000	3.600000000	23.973900000	23.973900000	116.229064240	116.229064240	448.157243215
449.000000000	1.073072583	3.600000000	3.600000000	23.973900000	23.973900000	116.229064240	116.229064240	449.158299206
450.000000000	1.075462500	3.600000000	3.600000000	23.973900000	23.973900000	116.229064240	116.229064240	450.159359919
451.000000000	1.077852417	3.600000000	3.600000000	23.973900000	23.973900000	116.229064240	116.229064240	451.160425364
452.000000000	1.080242333	3.600000000	3.600000000	23.973900000	23.973900000	116.229064240	116.229064240	452.161495552
453.000000000	1.082632250	3.600000000	3.600000000	23.973900000	23.973900000	116.229064240	116.229064240	453.162570493
454.000000000	1.085022167	3.600000000	3.600000000	23.973900000	23.973900000	116.229064240	116.229064240	454.163650199
455.000000000	1.087412083	3.600000000	3.600000000	23.973900000	23.973900000	116.229064240	116.229064240	455.164734679
456.000000000	1.089802000	3.600000000	3.600000000	23.973900000	23.973900000	116.229064240	116.229064240	456.165823944
457.000000000	1.092191917	3.600000000	3.600000000	23.973900000	23.973900000	116.229064240	116.229064240	457.166918006
458.000000000	1.094581833	3.600000000	3.600000000	23.973900000	23.973900000	116.229064240	116.229064240	458.168016873
459.000000000	1.096971750	3.600000000	3.600000000	23.973900000	23.973900000	116.229064240	116.229064240	459.169120558
460.000000000	1.099361667	3.600000000	3.600000000	23.973900000	23.973900000	116.229064240	116.229064240	460.170229070
461.000000000	1.101751583	3.600000000	3.600000000	23.973900000	23.973900000	116.229064240	116.229064240	461.171342421
462.000000000	1.104141500	3.600000000	3.600000000	23.973900000	23.973900000	116.229064240	116.229064240	462.172460620
463.000000000	1.106531417	3.600000000	3.600000000	23.973900000	23.973900000	116.229064240	116.229064240	463.173583678
464.000000000	1.108921333	3.600000000	3.600000000	23.973900000	23.973900000	116.229064240	116.229064240	464.174711607
465.000000000	1.111311250	3.600000000	3.600000000	23.973900000	23.973900000	116.229064240	116.229064240	465.175844416
466.000000000	1.113701167	3.600000000	3.600000000	23.973900000	23.973900000	116.229064240	116.229064240	466.176982116
467.000000000	1.116091083	3.600000000	3.600000000	23.973900000	23.973900000	116.229064240	116.229064240	467.178124718
468.000000000	1.118481000	3.600000000	3.600000000	23.973900000	23.973900000	116.229064240	116.229064240	468.179272232
469.000000000	1.120870917	3.600000000	3.600000000	23.973900000	23.973900000	116.229064240	116.229064240	469.180424669
470.000000000	1.123260833	3.600000000	3.600000000	23.973900000	23.973900000	116.229064240	116.229064240	470.181582040
471.000000000	1.125650750	3.600000000	3.600000000	23.973900000	23.973900000	116.229064240	116.229064240	471.182744354
472.000000000	1.128040667	3.600000000	3.600000000	23.973900000	23.973900000	116.229064240	116.229064240	472.183911624
473.000000000	1.130430583	3.600000000	3.600000000	23.973900000	23.973900000	116.229064240	116.229064240	473.185083858
474.000000000	1.132820500	3.600000000	3.600000000	23.973900000	23.973900000	116.229064240	116.229064240	474.186261069
475.000000000	1.135210417	3.600000000	3.600000000	23.973900000	23.973900000	116.229064240	116.229064240	475.187443266
476.000000000	1.137600333	3.600000000	3.600000000	23.973900000	23.973900000	116.229064240	116.229064240	476.188630460
477.000000000	1.139990250	3.600000000	3.600000000	23.973900000	23.973900000	116.229064240	116.229064240	477.189822661
478.000000000	1.142380167	3.600000000	3.600000000	23.973900000	23.973900000	116.229064240	116.229064240	478.191019881
479.000000000	1.144770083	3.600000000	3.600000000	23.973900000	23.973900000	116.229064240	116.229064240	479.192222130
480.000000000	1.147160000	3.600000000	3.600000000	23.973900000	23.973900000	116.229064240	116.229064240	480.193429418
481.000000000	1.149549917	3.600000000	3.600000000	23.973900000	23.973900000	116.229064240	116.229064240	481.194641756
482.000000000	1.151939833	3.600000000	3.600000000	23.973900000	23.973900000	116.229064240	116.229064240	482.195859155
483.000000000	1.154329750	3.600000000	3.600000000	23.973900000	23.973900000	116.229064240	116.229064240	483.197081625
484.000000000	1.156719667	3.600000000	3.600000000	23.973900000	23.973900000	116.229064240	116.229064240	484.198309177
485.000000000	1.159109583	3.600000000	3.600000000	23.973900000	23.973900000	116.229064240	116.229064240	485.199541821
486.000000000	1.161499500	3.600000000	3.600000000	23.973900000	23.973900000	116.229064240	116.229064240	486.200779568
487.000000000	1.163889417	3.600000000	3.600000000	23.973900000	23.973900000	116.229064240	116.229064240	487.202022429
488.000000000	1.166279333	3.600000000	3.600000000	23.973900000	23.973900000	116.229064240	116.229064240	488.203270415
489.000000000	1.168669250	3.600000000	3.600000000	23.973900000	23.973900000	116.229064240	116.229064240	489.204523535
490.000000000	1.171059167	3.600000000	3.600000000	23.973900000	23.973900000	116.229064240	116.229064240	490.205781800
491.000000000	1.173449083	3.600000000	3.600000000	23.973900000	23.973900000	116.229064240	116.229064240	491.207045221
492.000000000	1.175839000	3.600000000	3.600000000	23.973900000	23.973900000	116.229064240	116.229064240	492.208313810
493.000000000	1.178228917	3.600000000	3.600000000	23.973900000	23.973900000	116.229064240	116.229064240	493.209587575
494.000000000	1.180618833	3.600000000	3.600000000	23.973900000	23.973900000	116.229064240	116.229064240	494.210866528
495.000000000	1.183008750	3.600000000	3.600000000	23.973900000	23.973900000	116.229064240	116.229064240	495.212150680
496.000000000	1.185398667	3.600000000	3.600000000	23.973900000	23.973900000	116.229064240	116.229064240	496.213440040
497.000000000	1.187788583	3.600000000	3.600000000	23.973900000	23.973900000	116.229064240	116.229064240	497.214734620
498.000000000	1.190178500	3.600000000	3.600000000	23.973900000	23.973900000	116.229064240	116.229064240	498.216034431
499.000000000	1.192568417	3.600000000	3.600000000	23.973900000	23.973900000	116.229064240	116.229064240	499.217339482
500.000000000	1.194958333	3.600000000	3.600000000	23.973900000	23.973900000	116.229064240	116.229064240	500.218649785
501.000000000	1.197348250	3.600000000	3.600000000	23.973900000	23.973900000	116.229064240	116.229064240	501.219965350
502.000000000	1.199738167	3.600000000	3.600000000	23.973900000	23.973900000	116.229064240	116.229064240	502.221286188
503.000000000	1.202128083	3.600000000	3.600000000	23.973900000	23.973900000	116.229064240	116.229064240	503.222612309
504.000000000	1.204518000	3.600000000	3.600000000	23.973900000	23.973900000	116.229064240	116.229064240	504.223943724
505.000000000	1.206907917	3.600000000	3.600000000	23.973900000	23.973900000	116.229064240	116.229064240	505.225280443
506.000000000	1.209297833	3.600000000	3.600000000	23.973900000	23.973900000	116.229064240	116.229064240	506.226622477
507.000000000	1.211687750	3.600000000	3.600000000	23.973900000	23.973900000	116.229064240	116.229064240	507.227969838
508.000000000	1.214077667	3.600000000	3.600000000	23.973900000	23.973900000	116.229064240	116.229064240	508.229322534
509.000000000	1.216467583	3.600000000	3.600000000	23.973900000	23.973900000	116.229064240	116.229064240	509.230680578
510.000000000	1.218857500	3.600000000	3.600000000	23.973900000	23.973900000	116.229064240	116.229064240	510.232043979
511.000000000	1.221247417	3.600000000	3.600000000	23.973900000	23.973900000	116.229064240	116.229064240	511.233412748
512.000000000	1.223637333	3.600000000	3.600000000	23.973900000	23.973900000	116.229064240	116.229064240	512.234786896
513.000000000	1.226027250	3.600000000	3.600000000	23.973900000	23.973900000	116.229064240	116.229064240	513.236166433
514.000000000	1.228417167	3.600000000	3.600000000	23.973900000	23.973900000	116.229064240	116.229064240	514.237551371
515.000000000	1.230807083	3.600000000	3.600000000	23.973900000	23.973900000	116.229064240	116.229064240	515.238941719
516.000000000	1.233197000	3.600000000	3.600000000	23.973900000	23.973900000	116.229064240	116.229064240	516.240337488
517.000000000	1.235586917	3.600000000	3.600000000	23.973900000	23.973900000	116.229064240	116.229064240	517.241738689
518.000000000	1.237976833	3.600000000	3.600000000	23.973900000	23.973900000	116.229064240	116.229064240	518.243145333
519.000000000	1.240366750	3.600000000	3.600000000	23.973900000	23.973900000	116.229064240	116.229064240	519.244557429
520.000000000	1.242756667	3.600000000	3.600000000	23.973900000	23.973900000	116.229064240	116.229064240	520.245974990
521.000000000	1.245146583	3.600000000	3.600000000	23.973900000	23.973900000	116.229064240	116.229064240	521.247398024
522.000000000	1.247536500	3.600000000	3.600000000	23.973900000	23.973900000	116.229064240	116.229064240	522.248826544
523.000000000	1.249926417	3.600000000	3.600000000	23.973900000	23.973900000	116.229064240	116.229064240	523.250260559
524.000000000	1.252316333	3.600000000	3.600000000	23.973900000	23.973900000	116.229064240	116.229064240	524.251700080
525.000000000	1.254706250	3.600000000	3.600000000	23.973900000	23.973900000	116.229064240	116.229064240	525.253145119
526.000000000	1.257096167	3.600000000	3.600000000	23.973900000	23.973900000	116.229064240	116.229064240	526.254595684
527.000000000	1.259486083	3.600000000	3.600000000	23.973900000	23.973900000	116.229064240	116.229064240	527.256051788
528.000000000	1.261876000	3.600000000	3.600000000	23.973900000	23.973900000	116.229064240	116.229064240	528.257513440
529.000000000	1.264265917	3.600000000	3.600000000	23.973900000	23.973900000	116.229064240	116.229064240	529.258980651
530.000000000	1.266655833	3.600000000	3.600000000	23.973900000	23.973900000	116.229064240	116.229064240	530.260453433
531.000000000	1.269045750	3.600000000	3.600000000	23.973900000	23.973900000	116.229064240	116.229064240	531.261931795
532.000000000	1.271435667	3.600000000	3.600000000	23.973900000	23.973900000	116.229064240	116.229064240	532.263415748
533.000000000	1.273825583	3.600000000	3.600000000	23.973900000	23.973900000	116.229064240	116.229064240	533.264905303
534.000000000	1.276215500	3.600000000	3.600000000	23.973900000	23.973900000	116.229064240	116.229064240	534.266400470
535.000000000	1.278605417	3.600000000	3.600000000	23.973900000	23.973900000	116.229064240	116.229064240	535.267901260
536.000000000	1.280995333	3.600000000	3.600000000	23.973900000	23.973900000	116.229064240	116.229064240	536.269407684
537.000000000	1.283385250	3.600000000	3.600000000	23.973900000	23.973900000	116.229064240	116.229064240	537.270919752
538.000000000	1.285775167	3.600000000	3.600000000	23.973900000	23.973900000	116.229064240	116.229064240	538.272437475
539.000000000	1.288165083	3.600000000	3.600000000	23.973900000	23.973900000	116.229064240	116.229064240	539.273960864
540.000000000	1.290555000	3.600000000	3.600000000	23.973900000	23.973900000	116.229064240	116.229064240	540.275489929
541.000000000	1.292944917	3.600000000	3.600000000	23.973900000	23.973900000	116.229064240	116.229064240	541.277024680
542.000000000	1.295334833	3.600000000	3.600000000	23.973900000	23.973900000	116.229064240	116.229064240	542.278565129
543.000000000	1.297724750	3.600000000	3.600000000	23.973900000	23.973900000	116.229064240	116.229064240	543.280111286
544.000000000	1.300114667	3.600000000	3.600000000	23.973900000	23.973900000	116.229064240	116.229064240	544.281663161
545.000000000	1.302504583	3.600000000	3.600000000	23.973900000	23.973900000	116.229064240	116.229064240	545.283220766
546.000000000	1.304894500	3.600000000	3.600000000	23.973900000	23.973900000	116.229064240	116.229064240	546.284784111
547.000000000	1.307284417	3.600000000	3.600000000	23.973900000	23.973900000	116.229064240	116.229064240	547.286353206
548.000000000	1.309674333	3.600000000	3.600000000	23.973900000	23.973900000	116.229064240	116.229064240	548.287928063
549.000000000	1.312064250	3.600000000	3.600000000	23.973900000	23.973900000	116.229064240	116.229064240	549.289508691
550.000000000	1.314454167	3.600000000	3.600000000	23.973900000	23.973900000	116.229064240	116.229064240	550.291095102
551.000000000	1.316844083	3.600000000	3.600000000	23.973900000	23.973900000	116.229064240	116.229064240	551.292687306
552.000000000	1.319234000	3.600000000	3.600000000	23.973900000	23.973900000	116.229064240	116.229064240	552.294285313
553.000000000	1.321623917	3.600000000	3.600000000	23.973900000	23.973900000	116.229064240	116.229064240	553.295889135
554.000000000	1.324013833	3.600000000	3.600000000	23.973900000	23.973900000	116.229064240	116.229064240	554.297498782
555.000000000	1.326403750	3.600000000	3.600000000	23.973900000	23.973900000	116.229064240	116.229064240	555.299114264
556.000000000	1.328793667	3.600000000	3.600000000	23.973900000	23.973900000	116.229064240	116.229064240	556.300735593
557.000000000	1.331183583	3.600000000	3.600000000	23.973900000	23.973900000	116.229064240	116.229064240	557.302362779
558.000000000	1.333573500	3.600000000	3.600000000	23.973900000	23.973900000	116.229064240	116.229064240	558.303995832
559.000000000	1.335963417	3.600000000	3.600000000	23.973900000	23.973900000	116.229064240	116.229064240	559.305634763
560.000000000	1.338353333	3.600000000	3.600000000	23.973900000	23.973900000	116.229064240	116.229064240	560.307279583
561.000000000	1.340743250	3.600000000	3.600000000	23.973900000	23.973900000	116.229064240	116.229064240	561.308930303
562.000000000	1.343133167	3.600000000	3.600000000	23.973900000	23.973900000	116.229064240	116.229064240	562.310586932
563.000000000	1.345523083	3.600000000	3.600000000	23.973900000	23.973900000	116.229064240	116.229064240	563.312249483
564.000000000	1.347913000	3.600000000	3.600000000	23.973900000	23.973900000	116.229064240	116.229064240	564.313917964
565.000000000	1.350302917	3.600000000	3.600000000	23.973900000	23.973900000	116.229064240	116.229064240	565.315592388
566.000000000	1.352692833	3.600000000	3.600000000	23.973900000	23.973900000	116.229064240	116.229064240	566.317272764
567.000000000	1.355082750	3.600000000	3.600000000	23.973900000	23.973900000	116.229064240	116.229064240	567.318959104
568.000000000	1.357472667	3.600000000	3.600000000	23.973900000	23.973900000	116.229064240	116.229064240	568.320651418
569.000000000	1.359862583	3.600000000	3.600000000	23.973900000	23.973900000	116.229064240	116.229064240	569.322349716
570.000000000	1.362252500	3.600000000	3.600000000	23.973900000	23.973900000	116.229064240	116.229064240	570.324054009
571.000000000	1.364642417	3.600000000	3.600000000	23.973900000	23.973900000	116.229064240	116.229064240	571.325764308
572.000000000	1.367032333	3.600000000	3.600000000	23.973900000	23.973900000	116.229064240	116.229064240	572.327480624
573.000000000	1.369422250	3.600000000	3.600000000	23.973900000	23.973900000	116.229064240	116.229064240	573.329202967
574.000000000	1.371812167	3.600000000	3.600000000	23.973900000	23.973900000	116.229064240	116.229064240	574.330931347
575.000000000	1.374202083	3.600000000	3.600000000	23.973900000	23.973900000	116.229064240	116.229064240	575.332665776
576.000000000	1.376592000	3.600000000	3.600000000	23.973900000	23.973900000	116.229064240	116.229064240	576.334406265
577.000000000	1.378981917	3.600000000	3.600000000	23.973900000	23.973900000	116.229064240	116.229064240	577.336152823
578.000000000	1.381371833	3.600000000	3.600000000	23.973900000	23.973900000	116.229064240	116.229064240	578.337905461
579.000000000	1.383761750	3.600000000	3.600000000	23.973900000	23.973900000	116.229064240	116.229064240	579.339664190
580.000000000	1.386151667	3.600000000	3.600000000	23.973900000	23.973900000	116.229064240	116.229064240	580.341429021
