# Echo 22 focal plane parameters calculated from model in DESI-4037v6.							
# The plate scale varies with radius, and is different in the							
# meridional (radial) direction vs. the							
# sagittal (tangential/azimuthal) direction.  The table below							
# contains the F/#, Focal Length, and Plate Scale vs. radius for							
# both the meridional and sagittal orientations at that radius.							
							
# Columns:							
# - Radius : radius from center of focal plane [mm]							
# - Theta radial angle that has a centroid at this radius [deg]							
# - MF/# : Meridional F/#							
# - SF/# : Sagittal F/#							
# - MFL  : Meridional focal length [m]							
# - SFL  : Sagittal focal length [m]							
# - MPS  : Meridional plate scale [um/arcsec]							
# - SPS  : Sagittal plate scale [um/arcsec]							
# Radius	Theta	MF/#	SF/#	MFL	SFL	MPS	SPS
0.000000000	0.000000000	3.677117215	3.677117215	13.919703392	13.919703406	67.484569410	67.484569480
0.955314420	0.003932148	3.677120088	3.677118158	13.919713750	13.919706988	67.484619630	67.484586848
1.910630305	0.007864293	3.677128705	3.677120978	13.919745733	13.919717735	67.484774690	67.484638950
2.865949120	0.011796438	3.677143063	3.677125685	13.919799341	13.919735647	67.485034588	67.484725790
3.821272338	0.015728583	3.677163165	3.677132275	13.919874574	13.919760723	67.485399323	67.484847360
4.776601420	0.019660733	3.677189010	3.677140743	13.919971431	13.919792963	67.485868900	67.485003668
5.731937835	0.023592878	3.677220598	3.677151095	13.920089913	13.919832368	67.486443315	67.485194708
6.687283045	0.027525023	3.677257933	3.677163328	13.920230018	13.919878938	67.487122563	67.485420480
7.642638523	0.031457168	3.677301010	3.677177443	13.920391746	13.919932671	67.487906645	67.485680988
8.598005733	0.035389318	3.677349833	3.677193438	13.920575098	13.919993569	67.488795560	67.485976230
9.553386138	0.039321463	3.677404398	3.677211318	13.920780072	13.920061631	67.489789300	67.486306203
10.508781208	0.043253608	3.677464708	3.677231078	13.921006667	13.920136857	67.490887865	67.486670908
11.464192410	0.047185753	3.677530765	3.677252725	13.921254884	13.920219247	67.492091253	67.487070345
12.419621213	0.051117900	3.677602565	3.677276248	13.921524721	13.920308800	67.493399458	67.487504513
13.375069078	0.055050048	3.677680113	3.677301658	13.921816178	13.920405517	67.494812480	67.487973410
14.330537473	0.058982193	3.677763410	3.677328948	13.922129254	13.920509397	67.496330310	67.488477035
15.286027868	0.062914338	3.677852450	3.677358125	13.922463947	13.920620441	67.497952948	67.489015385
16.241541725	0.066846488	3.677947240	3.677389178	13.922820257	13.920738647	67.499680388	67.489588465
17.197080518	0.070778633	3.678047775	3.677422115	13.923198183	13.920864017	67.501512623	67.490196273
18.152645710	0.074710778	3.678154063	3.677456935	13.923597724	13.920996548	67.503449650	67.490838805
19.108238768	0.078642923	3.678266098	3.677493638	13.924018878	13.921136242	67.505491465	67.491516063
20.063861158	0.082575070	3.678383885	3.677532223	13.924461645	13.921283098	67.507638055	67.492228038
21.019514350	0.086507218	3.678507420	3.677572688	13.924926024	13.921437116	67.509889425	67.492974738
21.975199813	0.090439363	3.678636708	3.677615038	13.925412012	13.921598296	67.512245558	67.493756155
22.930919013	0.094371508	3.678771748	3.677659273	13.925919608	13.921766637	67.514706458	67.494572298
23.886673410	0.098303653	3.678912538	3.677705385	13.926448812	13.921942138	67.517272108	67.495423150
24.842464483	0.102235803	3.679059085	3.677753385	13.926999622	13.922124801	67.519942505	67.496308725
25.798293693	0.106167948	3.679211385	3.677803268	13.927572036	13.922314623	67.522717645	67.497229008
26.754162515	0.110100093	3.679369440	3.677855035	13.928166053	13.922511606	67.525597515	67.498184010
27.710072410	0.114032238	3.679533253	3.677908678	13.928781671	13.922715749	67.528582115	67.499173718
28.666024850	0.117964388	3.679702823	3.677964208	13.929418889	13.922927050	67.531671430	67.500198138
29.622021305	0.121896533	3.679878148	3.678021625	13.930077705	13.923145511	67.534865458	67.501257263
30.578063235	0.125828678	3.680059238	3.678080915	13.930758117	13.923371131	67.538164183	67.502351100
31.534152118	0.129760823	3.680246088	3.678142098	13.931460123	13.923603909	67.541567605	67.503479633
32.490289418	0.133692970	3.680438698	3.678205163	13.932183722	13.923843845	67.545075708	67.504642873
33.446476605	0.137625118	3.680637068	3.678270105	13.932928913	13.924090938	67.548688490	67.505840818
34.402715150	0.141557263	3.680841205	3.678336938	13.933695692	13.924345188	67.552405943	67.507073458
35.359006523	0.145489408	3.681051105	3.678405653	13.934484059	13.924606596	67.556228045	67.508340795
36.315352193	0.149421553	3.681266770	3.678476248	13.935294011	13.924875159	67.560154805	67.509642828
37.271753628	0.153353703	3.681488205	3.678548733	13.936125547	13.925150879	67.564186200	67.510979548
38.228212293	0.157285848	3.681715410	3.678623098	13.936978665	13.925433754	67.568322230	67.512350968
39.184729665	0.161217993	3.681948380	3.678699345	13.937853362	13.925723784	67.572562875	67.513757070
40.141307218	0.165150138	3.682187123	3.678777475	13.938749637	13.926020969	67.576908135	67.515197860
41.097946413	0.169082288	3.682431640	3.678857498	13.939667487	13.926325308	67.581357998	67.516673340
42.054648725	0.173014433	3.682681930	3.678939398	13.940606912	13.926636801	67.585912453	67.518183500
43.011415625	0.176946578	3.682938000	3.679023185	13.941567908	13.926955447	67.590571485	67.519728333
43.968248585	0.180878723	3.683199843	3.679108855	13.942550474	13.927281246	67.595335095	67.521307853
44.925149078	0.184810870	3.683467465	3.679196413	13.943554608	13.927614197	67.600203270	67.522922045
45.882118568	0.188743018	3.683740865	3.679285855	13.944580307	13.927954300	67.605175998	67.524570908
46.839158533	0.192675163	3.684020050	3.679377183	13.945627570	13.928301555	67.610253265	67.526254445
47.796270445	0.196607308	3.684305018	3.679470393	13.946696395	13.928655961	67.615435070	67.527972655
48.753455778	0.200539458	3.684595768	3.679565488	13.947786779	13.929017517	67.620721400	67.529725528
49.710715993	0.204471603	3.684892308	3.679662468	13.948898721	13.929386223	67.626112245	67.531513060
50.668052578	0.208403748	3.685194633	3.679761335	13.950032219	13.929762079	67.631607588	67.533335263
51.625467000	0.212335893	3.685502748	3.679862088	13.951187270	13.930145084	67.637207430	67.535192120
52.582960730	0.216268040	3.685816658	3.679964728	13.952363873	13.930535237	67.642911758	67.537083635
53.540535245	0.220200188	3.686136360	3.680069255	13.953562026	13.930932538	67.648720560	67.539009805
54.498192013	0.224132333	3.686461858	3.680175665	13.954781726	13.931336988	67.654633830	67.540970628
55.455932515	0.228064478	3.686793150	3.680283963	13.956022972	13.931748584	67.660651558	67.542966098
56.413758223	0.231996623	3.687130243	3.680394143	13.957285763	13.932167327	67.666773730	67.544996220
57.371670610	0.235928773	3.687473138	3.680506215	13.958570095	13.932593216	67.673000345	67.547060990
58.329671155	0.239860918	3.687821833	3.680620173	13.959875968	13.933026250	67.679331388	67.549160400
59.287761330	0.243793063	3.688176338	3.680736013	13.961203379	13.933466430	67.685766858	67.551294450
60.245942613	0.247725208	3.688536645	3.680853745	13.962552327	13.933913755	67.692306733	67.553463135
61.204216478	0.251657358	3.688902768	3.680973365	13.963922810	13.934368223	67.698951018	67.555666463
62.162537570	0.255589503	3.689274698	3.681094873	13.965314826	13.934829836	67.705699698	67.557904420
63.121000933	0.259521648	3.689652435	3.681218263	13.966728374	13.935298592	67.712552768	67.560177008
64.079561308	0.263453793	3.690035993	3.681343543	13.968163452	13.935774490	67.719510218	67.562484230
65.038220163	0.267385940	3.690425368	3.681470715	13.969620059	13.936257531	67.726572040	67.564826073
65.996978985	0.271318088	3.690820560	3.681599773	13.971098194	13.936747714	67.733738230	67.567202545
66.955839253	0.275250233	3.691221578	3.681730715	13.972597854	13.937245038	67.741008783	67.569613643
67.914802435	0.279182378	3.691628420	3.681863553	13.974119038	13.937749503	67.748383685	67.572059355
68.873870023	0.283114523	3.692041083	3.681998275	13.975661746	13.938261109	67.755862940	67.574539688
69.833043488	0.287046673	3.692459578	3.682134890	13.977225976	13.938779855	67.763446535	67.577054638
70.792324308	0.290978818	3.692883908	3.682273393	13.978811726	13.939305740	67.771134460	67.579604200
71.751713973	0.294910963	3.693314065	3.682413783	13.980418997	13.939838765	67.778926723	67.582188373
72.711213955	0.298843110	3.693750060	3.682556063	13.982047786	13.940378928	67.786823310	67.584807155
73.670825738	0.302775258	3.694191893	3.682700235	13.983698094	13.940926230	67.794824223	67.587460548
74.630550800	0.306707403	3.694639570	3.682846295	13.985369919	13.941480670	67.802929448	67.590148548
75.590390628	0.310639548	3.695093085	3.682994250	13.987063260	13.942042248	67.811138993	67.592871150
76.550346703	0.314571693	3.695552453	3.683144093	13.988778117	13.942610962	67.819452848	67.595628353
77.510336143	0.318503840	3.696017665	3.683295823	13.990514490	13.943186814	67.827871013	67.598420160
78.470528593	0.322435988	3.696488728	3.683449450	13.992272378	13.943769803	67.836393488	67.601246565
79.430841740	0.326368133	3.696965643	3.683604965	13.994051780	13.944359927	67.845020265	67.604107568
80.391277075	0.330300278	3.697448415	3.683762373	13.995852698	13.944957187	67.853751350	67.607003168
81.351836070	0.334232428	3.697937048	3.683921673	13.997675129	13.945561583	67.862586743	67.609933358
82.312520225	0.338164573	3.698431540	3.684082865	13.999519075	13.946173115	67.871526438	67.612898143
83.273331018	0.342096718	3.698931895	3.684245950	14.001384536	13.946791781	67.880570443	67.615897518
84.234269935	0.346028863	3.699438120	3.684410930	14.003271512	13.947417582	67.889718748	67.618931485
85.195338460	0.349961010	3.699950213	3.684577800	14.005180003	13.948050518	67.898971365	67.622000040
86.156538085	0.353893158	3.700468178	3.684746563	14.007110010	13.948690587	67.908328300	67.625103183
87.117870298	0.357825303	3.700992020	3.684917223	14.009061534	13.949337791	67.917789545	67.628240910
88.079336578	0.361757448	3.701521740	3.685089773	14.011034575	13.949992128	67.927355110	67.631413225
89.040938428	0.365689593	3.702057340	3.685264220	14.013029135	13.950653599	67.937024998	67.634620125
90.002677325	0.369621743	3.702598825	3.685440560	14.015045214	13.951322204	67.946799215	67.637861610
90.964554760	0.373553888	3.703146198	3.685618793	14.017082813	13.951997942	67.956677770	67.641137680
91.926572228	0.377486033	3.703699458	3.685798923	14.019141935	13.952680813	67.966660665	67.644448325
92.888731215	0.381418178	3.704258615	3.685980953	14.021222580	13.953370817	67.976747910	67.647793555
93.851033213	0.385350328	3.704823668	3.686164873	14.023324751	13.954067954	67.986939515	67.651173368
94.813479718	0.389282473	3.705394618	3.686350690	14.025448449	13.954772224	67.997235483	67.654587763
95.776072213	0.393214618	3.705971470	3.686538410	14.027593676	13.955483627	68.007635830	67.658036740
96.738812203	0.397146763	3.706554223	3.686728020	14.029760435	13.956202162	68.018140565	67.661520293
97.701701173	0.401078910	3.707142893	3.686919528	14.031948728	13.956927830	68.028749700	67.665038430
98.664578295	0.405011058	3.707737473	3.687112933	14.034158557	13.957660632	68.039463245	67.668591148
99.627768858	0.408943203	3.708337965	3.687308238	14.036389925	13.958400566	68.050281213	67.672178448
100.590916253	0.412875348	3.708944378	3.687505440	14.038642836	13.959147633	68.061203620	67.675800323
101.554414475	0.416807493	3.709556708	3.687704540	14.040917291	13.959901833	68.072230483	67.679456788
102.518069185	0.420739643	3.710174965	3.687905540	14.043213295	13.960663166	68.083361813	67.683147835
103.481881880	0.424671788	3.710799150	3.688108440	14.045530852	13.961431633	68.094597638	67.686873460
104.445854068	0.428603933	3.711429265	3.688313240	14.047869963	13.962207233	68.105937963	67.690633673
105.409987243	0.432536080	3.712065315	3.688519940	14.050230635	13.962989966	68.117382810	67.694428468
106.374282898	0.436468228	3.712707303	3.688728538	14.052612870	13.963779834	68.128932200	67.698257850
107.338742540	0.440400373	3.713355233	3.688939038	14.055016674	13.964576836	68.140586160	67.702121823
108.303367665	0.444332518	3.714009110	3.689151443	14.057442050	13.965380972	68.152344703	67.706020383
109.268159783	0.448264663	3.714668930	3.689365748	14.059889003	13.966192243	68.164207858	67.709953533
110.233120388	0.452196813	3.715334708	3.689581950	14.062357538	13.967010649	68.176175645	67.713921278
111.198250985	0.456128958	3.716006438	3.689800060	14.064847661	13.967836191	68.188248093	67.717923610
112.163553083	0.460061103	3.716684128	3.690020070	14.067359377	13.968668868	68.200425223	67.721960543
113.129028175	0.463993248	3.717367780	3.690241990	14.069892691	13.969508682	68.212707068	67.726032068
114.094677778	0.467925398	3.718057398	3.690465808	14.072447610	13.970355633	68.225093655	67.730138198
115.060503385	0.471857543	3.718752983	3.690691530	14.075024139	13.971209721	68.237585008	67.734278933
116.026495295	0.475789688	3.719454543	3.690919160	14.077622285	13.972070947	68.250181163	67.738454273
116.992677713	0.479721833	3.720162080	3.691148695	14.080242054	13.972939312	68.262882153	67.742664218
117.959040668	0.483653980	3.720875600	3.691380130	14.082883454	13.973814815	68.275688005	67.746908778
118.925585668	0.487586128	3.721595103	3.691613478	14.085546490	13.974697459	68.288598763	67.751187945
119.892314215	0.491518273	3.722320593	3.691848728	14.088231172	13.975587242	68.301614458	67.755501735
120.859227833	0.495450418	3.723052073	3.692085888	14.090937505	13.976484167	68.314735118	67.759850148
121.826328023	0.499382563	3.723789550	3.692324958	14.093665498	13.977388234	68.327960793	67.764233183
122.793616300	0.503314713	3.724533028	3.692565928	14.096415160	13.978299443	68.341291520	67.768650848
123.761094175	0.507246858	3.725282508	3.692808818	14.099186498	13.979217796	68.354727330	67.773103145
124.728763163	0.511179003	3.726037995	3.693053608	14.101979521	13.980143294	68.368268275	67.777590080
125.696624775	0.515111148	3.726799495	3.693300308	14.104794238	13.981075937	68.381914398	67.782111655
126.664680530	0.519043298	3.727567008	3.693548918	14.107630658	13.982015725	68.395665743	67.786667878
127.632931940	0.522975443	3.728340540	3.693799445	14.110488791	13.982962662	68.409522348	67.791258748
128.601380515	0.526907588	3.729120098	3.694051878	14.113368646	13.983916746	68.423484265	67.795884275
129.570027785	0.530839733	3.729905680	3.694306225	14.116270233	13.984877980	68.437551545	67.800544465
130.538875260	0.534771880	3.730697290	3.694562483	14.119193562	13.985846364	68.451724235	67.805239320
131.507924463	0.538704028	3.731494943	3.694820653	14.122138645	13.986821900	68.466002385	67.809968850
132.477176905	0.542636173	3.732298625	3.695080738	14.125105491	13.987804589	68.480386050	67.814733053
133.446634120	0.546568318	3.733108355	3.695342735	14.128094113	13.988794432	68.494875280	67.819531945
134.416297620	0.550500463	3.733924135	3.695606648	14.131104520	13.989791431	68.509470138	67.824365523
135.386168925	0.554432613	3.734745965	3.695872473	14.134136726	13.990795586	68.524170675	67.829233803
136.356249563	0.558364758	3.735573850	3.696140218	14.137190741	13.991806917	68.538976948	67.834136875
137.326541058	0.562296903	3.736407790	3.696409878	14.140266580	13.992825390	68.553889018	67.839074563
138.297044938	0.566229050	3.737247798	3.696681448	14.143364253	13.993851024	68.568906948	67.844046975
139.267603908	0.570161198	3.738093878	3.696954945	14.146483774	13.994883820	68.584030805	67.849054108
140.238536945	0.574093343	3.738946023	3.697230355	14.149625156	13.995923781	68.599260640	67.854095973
141.209686958	0.578025488	3.739804250	3.697507685	14.152788413	13.996970907	68.614596528	67.859172575
142.181055483	0.581957633	3.740668553	3.697786935	14.155973558	13.998025200	68.630038530	67.864283935
143.152644053	0.585889783	3.741538943	3.698068105	14.159180605	13.999086663	68.645586723	67.869430045
144.124454193	0.589821928	3.742415425	3.698351195	14.162409570	14.000155296	68.661241173	67.874610923
145.096487435	0.593754073	3.743298000	3.698636205	14.165660466	14.001231103	68.677001948	67.879826570
146.068745313	0.597686218	3.744186673	3.698923135	14.168933308	14.002314083	68.692869125	67.885077005
147.041229363	0.601618368	3.745081448	3.699211988	14.172228113	14.003404240	68.708842775	67.890362235
148.013941118	0.605550513	3.745982330	3.699502765	14.175544895	14.004501576	68.724922978	67.895682263
148.986882110	0.609482658	3.746889325	3.699795468	14.178883671	14.005606092	68.741109805	67.901037103
149.960053883	0.613414803	3.747802438	3.700090093	14.182244458	14.006717790	68.757403343	67.906426760
150.933457963	0.617346950	3.748721668	3.700386643	14.185627270	14.007836673	68.773803665	67.911851253
151.907095903	0.621279098	3.749647023	3.700685118	14.189032127	14.008962743	68.790310863	67.917310588
152.880969230	0.625211243	3.750578510	3.700985523	14.192459044	14.010096001	68.806925013	67.922804780
153.855079490	0.629143388	3.751516133	3.701287853	14.195908040	14.011236451	68.823646200	67.928333833
154.829428225	0.633075533	3.752459890	3.701592105	14.199379132	14.012384095	68.840474515	67.933897758
155.804016978	0.637007683	3.753409798	3.701898295	14.202872338	14.013538934	68.857410043	67.939496573
156.778847295	0.640939828	3.754365848	3.702206408	14.206387678	14.014700972	68.874452880	67.945130285
157.753920718	0.644871973	3.755328050	3.702516453	14.209925170	14.015870210	68.891603110	67.950798910
158.729238790	0.648804118	3.756296413	3.702828428	14.213484833	14.017046652	68.908860830	67.956502458
159.704803063	0.652736268	3.757270940	3.703142333	14.217066687	14.018230300	68.926226130	67.962240940
160.680615083	0.656668413	3.758251633	3.703458173	14.220670752	14.019421157	68.943699118	67.968014373
161.656676400	0.660600558	3.759238495	3.703775945	14.224297047	14.020619225	68.961279878	67.973822765
162.632988565	0.664532703	3.760231535	3.704095650	14.227945594	14.021824507	68.978968518	67.979666133
163.609553128	0.668464850	3.761230758	3.704417290	14.231616413	14.023037006	68.996765133	67.985544488
164.586371640	0.672396998	3.762236170	3.704740863	14.235309525	14.024256725	69.014669833	67.991457843
165.563445660	0.676329143	3.763247770	3.705066373	14.239024952	14.025483666	69.032682718	67.997406225
166.540776743	0.680261288	3.764265568	3.705393823	14.242762716	14.026717834	69.050803890	68.003389628
167.518366443	0.684193438	3.765289565	3.705723205	14.246522839	14.027959230	69.069033463	68.009408083
168.496216313	0.688125583	3.766319773	3.706054525	14.250305343	14.029207858	69.087371548	68.015461598
169.474327915	0.692057728	3.767356188	3.706387790	14.254110251	14.030463720	69.105818243	68.021550183
170.452702810	0.695989873	3.768398818	3.706722993	14.257937586	14.031726822	69.124373673	68.027673868
171.431342560	0.699922020	3.769447673	3.707060133	14.261787371	14.032997164	69.143037945	68.033832655
172.410248725	0.703854168	3.770502753	3.707399213	14.265659631	14.034274752	69.161811175	68.040026570
173.389422868	0.707786313	3.771564065	3.707740240	14.269554389	14.035559588	69.180693478	68.046255625
174.368866550	0.711718458	3.772631615	3.708083210	14.273471670	14.036851675	69.199684973	68.052519838
175.348399775	0.715650603	3.773705405	3.708428118	14.277411498	14.038151018	69.218785785	68.058819223
176.328356103	0.719582753	3.774785443	3.708774978	14.281373899	14.039457619	69.237996033	68.065153798
177.308619538	0.723514898	3.775871733	3.709123780	14.285358898	14.040771483	69.257315835	68.071523585
178.289158820	0.727447043	3.776964278	3.709474530	14.289366520	14.042092613	69.276745315	68.077928598
179.269962258	0.731379188	3.778063088	3.709827223	14.293396791	14.043421013	69.296284605	68.084368853
180.251058300	0.735311338	3.779168168	3.710181868	14.297449738	14.044756686	69.315933830	68.090844378
181.232434898	0.739243483	3.780279518	3.710538460	14.301525387	14.046099637	69.335693120	68.097355183
182.214093625	0.743175628	3.781397148	3.710897000	14.305623765	14.047449869	69.355562600	68.103901288
183.196036065	0.747107773	3.782521063	3.711257498	14.309744899	14.048807386	69.375542403	68.110482713
184.178263783	0.751039920	3.783651265	3.711619943	14.313888817	14.050172193	69.395632665	68.117099478
185.160778368	0.754972068	3.784787765	3.711984340	14.318055546	14.051544294	69.415833523	68.123751603
186.143581393	0.758904213	3.785930565	3.712350690	14.322245115	14.052923692	69.436145108	68.130439110
187.126674443	0.762836358	3.787079670	3.712718998	14.326457551	14.054310392	69.456567558	68.137162015
188.110059090	0.766768503	3.788235088	3.713089258	14.330692884	14.055704398	69.477101015	68.143920340
189.093736930	0.770700653	3.789396823	3.713461475	14.334951142	14.057105714	69.497745620	68.150714108
190.077709535	0.774632798	3.790564880	3.713835650	14.339232355	14.058514346	69.518501503	68.157543340
191.061978503	0.778564943	3.791739263	3.714211783	14.343536551	14.059930296	69.539368820	68.164408055
192.046545415	0.782497088	3.792919983	3.714589875	14.347863762	14.061353571	69.560347708	68.171308280
193.031411858	0.786429238	3.794107043	3.714969925	14.352214016	14.062784174	69.581438320	68.178244030
194.016579433	0.790361383	3.795300445	3.715351938	14.356587344	14.064222110	69.602640795	68.185215335
195.002049718	0.794293528	3.796500205	3.715735908	14.360983777	14.065667383	69.623955288	68.192222213
195.987824310	0.798225673	3.797706318	3.716121845	14.365403346	14.067119999	69.645381940	68.199264688
196.973904808	0.802157820	3.798918793	3.716509748	14.369846080	14.068579962	69.666920905	68.206342783
197.960292800	0.806089968	3.800137638	3.716899613	14.374312013	14.070047278	69.688572343	68.213456525
198.946989895	0.810022113	3.801362858	3.717291445	14.378801175	14.071521950	69.710336395	68.220605933
199.933997678	0.813954258	3.802594463	3.717685245	14.383313598	14.073003984	69.732213220	68.227791028
200.921317758	0.817886408	3.803832450	3.718081008	14.387849315	14.074493386	69.754202975	68.235011843
201.908951733	0.821818553	3.805076830	3.718478743	14.392408357	14.075990159	69.776305815	68.242268400
202.896901208	0.825750698	3.806327610	3.718878445	14.396990757	14.077494310	69.798521898	68.249560723
203.885167790	0.829682843	3.807584795	3.719280118	14.401596547	14.079005843	69.820851385	68.256888833
204.873753078	0.833614990	3.808848393	3.719683765	14.406225762	14.080524763	69.843294430	68.264252765
205.862658683	0.837547138	3.810118405	3.720089385	14.410878433	14.082051077	69.865851200	68.271652533
206.851886210	0.841479283	3.811394848	3.720496978	14.415554595	14.083584789	69.888521853	68.279088178
207.841437280	0.845411428	3.812677713	3.720906545	14.420254280	14.085125905	69.911306548	68.286559708
208.831313495	0.849343573	3.813967018	3.721318085	14.424977523	14.086674430	69.934205458	68.294067163
209.821516475	0.853275723	3.815262765	3.721731608	14.429724358	14.088230370	69.957218740	68.301610568
210.812047828	0.857207868	3.816564965	3.722147105	14.434494818	14.089793730	69.980346565	68.309189945
211.802909175	0.861140013	3.817873618	3.722564583	14.439288938	14.091364517	70.003589098	68.316805330
212.794093170	0.865072158	3.819188730	3.722984043	14.444106753	14.092942735	70.026946500	68.324456738
213.785619543	0.869004308	3.820510315	3.723405475	14.448948297	14.094528390	70.050418950	68.332144205
214.777480760	0.872936453	3.821838373	3.723828895	14.453813605	14.096121489	70.074006605	68.339867760
215.769678448	0.876868598	3.823172918	3.724254303	14.458702711	14.097722037	70.097709645	68.347627428
216.762214235	0.880800743	3.824513948	3.724681690	14.463615652	14.099330040	70.121528238	68.355423243
217.755089750	0.884732890	3.825861475	3.725111063	14.468552462	14.100945504	70.145462545	68.363255228
218.748306608	0.888665038	3.827215508	3.725542423	14.473513177	14.102568435	70.169512748	68.371123405
219.741866445	0.892597183	3.828576040	3.725975773	14.478497831	14.104198838	70.193679018	68.379027823
220.735770890	0.896529328	3.829943095	3.726411110	14.483506462	14.105836721	70.217961520	68.386968495
221.730021580	0.900461473	3.831316673	3.726848435	14.488539104	14.107482089	70.242360435	68.394945460
222.724620138	0.904393623	3.832696785	3.727287753	14.493595793	14.109134949	70.266875935	68.402958743
223.719568213	0.908325768	3.834083430	3.727729060	14.498676565	14.110795306	70.291508198	68.411008375
224.714867430	0.912257913	3.835476620	3.728172363	14.503781457	14.112463168	70.316257383	68.419094385
225.710519430	0.916190060	3.836876363	3.728617663	14.508910503	14.114138539	70.341123685	68.427216810
226.706525858	0.920122208	3.838282670	3.729064950	14.514063741	14.115821427	70.366107268	68.435375675
227.702888353	0.924054353	3.839695535	3.729514243	14.519241206	14.117511839	70.391208303	68.443571015
228.699608560	0.927986498	3.841114985	3.729965530	14.524442935	14.119209780	70.416426978	68.451802860
229.696688120	0.931918643	3.842541005	3.730418813	14.529668964	14.120915257	70.441763460	68.460071238
230.694128680	0.935850793	3.843973620	3.730874100	14.534919329	14.122628277	70.467217925	68.468376185
231.691931895	0.939782938	3.845412833	3.731331390	14.540194067	14.124348846	70.492790553	68.476717730
232.690099405	0.943715083	3.846858650	3.731790678	14.545493214	14.126076971	70.518481518	68.485095915
233.688632873	0.947647228	3.848311075	3.732251970	14.550816806	14.127812658	70.544291000	68.493510753
234.687533940	0.951579378	3.849770125	3.732715270	14.556164879	14.129555915	70.570219173	68.501962298
235.686804270	0.955511523	3.851235800	3.733180570	14.561537470	14.131306748	70.596266205	68.510450565
236.686445513	0.959443668	3.852708110	3.733647880	14.566934615	14.133065164	70.622432280	68.518975595
237.686459335	0.963375813	3.854187070	3.734117200	14.572356351	14.134831169	70.648717575	68.527537428
238.686847385	0.967307960	3.855672673	3.734588530	14.577802713	14.136604771	70.675122260	68.536136085
239.687611335	0.971240108	3.857164943	3.735061870	14.583273737	14.138385976	70.701646510	68.544771603
240.688752848	0.975172253	3.858663878	3.735537218	14.588769461	14.140174791	70.728290510	68.553444020
241.690273583	0.979104398	3.860169488	3.736014585	14.594289918	14.141971224	70.755054420	68.562153360
242.692175210	0.983036543	3.861681790	3.736493968	14.599835146	14.143775281	70.781938423	68.570899673
243.694459390	0.986968693	3.863200780	3.736975358	14.605405181	14.145586970	70.808942685	68.579682980
244.697127805	0.990900838	3.864726475	3.737458770	14.611000057	14.147406297	70.836067390	68.588503318
245.700182118	0.994832983	3.866258875	3.737944198	14.616619811	14.149233269	70.863312700	68.597360718
246.703624008	0.998765128	3.867798005	3.738431648	14.622264477	14.151067894	70.890678795	68.606255223
247.707455145	1.002697278	3.869343858	3.738921118	14.627934091	14.152910179	70.918165838	68.615186868
248.711677208	1.006629423	3.870896445	3.739412608	14.633628689	14.154760130	70.945774000	68.624155675
249.716291875	1.010561568	3.872455783	3.739906125	14.639348304	14.156617756	70.973503455	68.633161693
250.721300825	1.014493713	3.874021873	3.740401658	14.645092972	14.158483063	71.001354368	68.642204943
251.726705745	1.018425860	3.875594733	3.740899225	14.650862727	14.160356058	71.029326903	68.651285475
252.732508308	1.022358008	3.877174358	3.741398818	14.656657603	14.162236749	71.057421235	68.660403315
253.738710213	1.026290153	3.878760775	3.741900435	14.662477635	14.164125143	71.085637520	68.669558500
254.745313135	1.030222298	3.880353980	3.742404085	14.668322856	14.166021247	71.113975928	68.678751068
255.752318765	1.034154443	3.881953990	3.742909763	14.674193300	14.167925069	71.142436620	68.687981045
256.759728798	1.038086593	3.883560810	3.743417475	14.680089001	14.169836616	71.171019760	68.697248480
257.767544925	1.042018738	3.885174453	3.743927218	14.686009990	14.171755895	71.199725505	68.706553400
258.775768835	1.045950883	3.886794925	3.744438993	14.691956302	14.173682914	71.228554008	68.715895840
259.784402225	1.049883030	3.888422245	3.744952805	14.697927968	14.175617680	71.257505440	68.725275843
260.793446798	1.053815178	3.890056410	3.745468660	14.703925020	14.177560200	71.286579945	68.734693440
261.802904240	1.057747323	3.891697440	3.745986550	14.709947491	14.179510481	71.315777680	68.744148663
262.812776263	1.061679468	3.893345343	3.746506480	14.715995412	14.181468532	71.345098803	68.753641550
263.823064563	1.065611613	3.895000125	3.747028453	14.722068813	14.183434359	71.374543460	68.763172143
264.833770848	1.069543763	3.896661805	3.747552465	14.728167726	14.185407970	71.404111803	68.772740470
265.844896813	1.073475908	3.898330388	3.748078523	14.734292181	14.187389372	71.433803973	68.782346570
266.856444178	1.077408053	3.900005885	3.748606628	14.740442208	14.189378573	71.463620120	68.791990485
267.868414643	1.081340198	3.901688308	3.749136775	14.746617837	14.191375580	71.493560385	68.801672235
268.880809920	1.085272348	3.903377660	3.749668973	14.752819095	14.193380401	71.523624910	68.811391873
269.893631723	1.089204493	3.905073965	3.750203220	14.759046013	14.195393042	71.553813838	68.821149425
270.906881763	1.093136638	3.906777233	3.750739520	14.765298618	14.197413511	71.584127293	68.830944925
271.920561755	1.097068783	3.908487463	3.751277868	14.771576938	14.199441816	71.614565425	68.840778420
272.934673415	1.101000930	3.910204678	3.751818270	14.777881001	14.201477964	71.645128350	68.850649938
273.949218468	1.104933078	3.911928885	3.752360730	14.784210832	14.203521963	71.675816213	68.860559508
274.964198628	1.108865223	3.913660100	3.752905243	14.790566458	14.205573818	71.706629135	68.870507183
275.979615615	1.112797368	3.915398328	3.753451813	14.796947905	14.207633539	71.737567238	68.880492980
276.995471158	1.116729513	3.917143583	3.754000448	14.803355198	14.209701133	71.768630643	68.890516948
278.011766970	1.120661663	3.918895883	3.754551138	14.809788361	14.211776605	71.799819473	68.900579115
279.028504790	1.124593808	3.920655233	3.755103890	14.816247419	14.213859965	71.831133843	68.910679520
280.045686343	1.128525953	3.922421645	3.755658710	14.822732394	14.215951219	71.862573863	68.920818193
281.063313353	1.132458098	3.924195138	3.756215588	14.829243310	14.218050375	71.894139648	68.930995180
282.081387555	1.136390248	3.925975720	3.756774533	14.835780189	14.220157439	71.925831300	68.941210505
283.099910680	1.140322393	3.927763403	3.757335550	14.842343052	14.222272419	71.957648933	68.951464208
284.118884465	1.144254538	3.929558203	3.757898630	14.848931920	14.224395321	71.989592635	68.961756323
285.138310640	1.148186683	3.931360135	3.758463788	14.855546813	14.226526154	72.021662518	68.972086888
286.158190948	1.152118830	3.933169205	3.759031013	14.862187750	14.228664925	72.053858663	68.982455928
287.178527120	1.156050978	3.934985433	3.759600310	14.868854751	14.230811639	72.086181173	68.992863483
288.199320903	1.159983123	3.936808828	3.760171688	14.875547834	14.232966305	72.118630123	69.003309590
289.220574040	1.163915268	3.938639400	3.760745138	14.882267015	14.235128930	72.151205608	69.013794280
290.242288265	1.167847418	3.940477173	3.761320668	14.889012312	14.237299520	72.183907703	69.024317588
291.264465330	1.171779563	3.942322153	3.761898280	14.895783740	14.239478082	72.216736485	69.034879545
292.287106978	1.175711708	3.944174360	3.762477968	14.902581315	14.241664623	72.249692028	69.045480190
293.310214955	1.179643853	3.946033803	3.763059738	14.909405050	14.243859150	72.282774400	69.056119550
294.333791010	1.183576000	3.947900495	3.763643598	14.916254959	14.246061670	72.315983673	69.066797658
295.357836898	1.187508148	3.949774455	3.764229538	14.923131055	14.248272190	72.349319895	69.077514553
296.382375670	1.191440293	3.951655695	3.764817570	14.930033350	14.250490716	72.382783135	69.088270260
297.407366833	1.195372438	3.953544230	3.765407688	14.936961853	14.252717255	72.416373440	69.099064818
298.432833065	1.199304583	3.955440078	3.765999898	14.943916577	14.254951813	72.450090860	69.109898248
299.458776125	1.203236733	3.957343248	3.766594198	14.950897529	14.257194398	72.483935443	69.120770598
300.485197765	1.207168878	3.959253760	3.767190588	14.957904718	14.259445015	72.517907225	69.131681885
301.512099750	1.211101023	3.961171625	3.767789078	14.964938151	14.261703671	72.552006248	69.142632150
302.539483835	1.215033168	3.963096863	3.768389668	14.971997836	14.263970372	72.586232533	69.153621420
303.567351780	1.218965318	3.965029488	3.768992355	14.979083777	14.266245125	72.620586115	69.164649725
304.595705353	1.222897463	3.966969513	3.769597135	14.986195979	14.268527936	72.655067015	69.175717093
305.624546313	1.226829608	3.968916955	3.770204025	14.993334446	14.270818810	72.689675255	69.186823563
306.653876423	1.230761753	3.970871838	3.770813015	15.000499181	14.273117755	72.724410838	69.197969150
307.683697453	1.234693900	3.972834160	3.771424108	15.007690185	14.275424776	72.759273778	69.209153890
308.714011163	1.238626048	3.974803953	3.772037315	15.014907459	14.277739879	72.794264080	69.220377818
309.744819333	1.242558193	3.976781228	3.772652625	15.022151002	14.280063070	72.829381740	69.231640955
310.776123720	1.246490338	3.978766000	3.773270048	15.029420814	14.282394355	72.864626750	69.242943340
311.807926103	1.250422483	3.980758293	3.773889578	15.036716892	14.284733740	72.899999108	69.254284983
312.840228248	1.254354633	3.982758113	3.774511228	15.044039232	14.287081229	72.935498780	69.265665928
313.873031933	1.258286778	3.984765485	3.775134988	15.051387831	14.289436829	72.971125763	69.277086185
314.906338930	1.262218923	3.986780418	3.775760868	15.058762682	14.291800546	73.006880023	69.288545795
315.940151015	1.266151068	3.988802935	3.776388868	15.066163780	14.294172383	73.042761530	69.300044783
316.974469965	1.270083218	3.990833055	3.777018988	15.073591117	14.296552348	73.078770243	69.311583163
318.009297555	1.274015363	3.992870795	3.777651235	15.081044683	14.298940445	73.114906120	69.323160978
319.044635565	1.277947508	3.994916168	3.778285603	15.088524470	14.301336678	73.151169120	69.334778235
320.080528765	1.281879653	3.996969190	3.778922095	15.096030466	14.303741054	73.187559183	69.346434968
321.116892963	1.285811800	3.999029883	3.779560718	15.103562659	14.306153577	73.224076258	69.358131195
322.153823663	1.289743948	4.001098270	3.780201475	15.111121037	14.308574252	73.260720278	69.369866953
323.191220915	1.293676093	4.003174353	3.780844365	15.118705585	14.311003083	73.297491175	69.381642250
324.229137433	1.297608238	4.005258163	3.781489383	15.126316288	14.313440076	73.334388873	69.393457110
325.267574990	1.301540388	4.007349720	3.782136538	15.133953130	14.315885234	73.371413293	69.405311565
326.306535380	1.305472533	4.009449030	3.782785835	15.141616093	14.318338563	73.408564353	69.417205625
327.346020388	1.309404678	4.011556125	3.783437268	15.149305158	14.320800065	73.445841960	69.429139315
328.386031795	1.313336823	4.013671008	3.784090845	15.157020306	14.323269747	73.483246025	69.441112663
329.426571403	1.317268970	4.015793708	3.784746573	15.164761516	14.325747611	73.520776435	69.453125675
330.467640990	1.321201118	4.017924243	3.785404438	15.172528767	14.328233662	73.558433100	69.465178380
331.509242350	1.325133263	4.020062628	3.786064458	15.180322034	14.330727903	73.596215895	69.477270790
332.551377275	1.329065408	4.022208885	3.786726625	15.188141295	14.333230338	73.634124708	69.489402930
333.594047563	1.332997553	4.024363025	3.787390945	15.195986523	14.335740971	73.672159413	69.501574810
334.637255000	1.336929703	4.026525075	3.788057423	15.203857692	14.338259805	73.710319890	69.513786458
335.681001385	1.340861848	4.028695048	3.788726058	15.211754776	14.340786845	73.748605998	69.526037875
336.725288513	1.344793993	4.030872960	3.789396855	15.219677746	14.343322092	73.787017608	69.538329088
337.770118180	1.348726138	4.033058840	3.790069808	15.227626571	14.345865550	73.825554568	69.550660113
338.815492188	1.352658288	4.035252698	3.790744925	15.235601223	14.348417222	73.864216738	69.563030955
339.861412328	1.356590433	4.037454555	3.791422215	15.243601668	14.350977111	73.903003958	69.575441640
340.907880398	1.360522578	4.039664428	3.792101668	15.251627875	14.353545220	73.941916075	69.587892173
341.954898210	1.364454723	4.041882338	3.792783295	15.259679810	14.356121551	73.980952925	69.600382563
343.002467555	1.368386870	4.044108300	3.793467098	15.267757439	14.358706106	74.020114338	69.612912833
344.050590240	1.372319018	4.046342330	3.794153075	15.275860725	14.361298889	74.059400150	69.625482990
345.099268065	1.376251163	4.048584458	3.794841228	15.283989634	14.363899902	74.098810178	69.638093043
346.148502838	1.380183308	4.050834688	3.795531565	15.292144127	14.366509146	74.138344240	69.650743003
347.198296360	1.384115453	4.053093040	3.796224088	15.300324165	14.369126623	74.178002153	69.663432883
348.248650440	1.388047603	4.055359538	3.796918795	15.308529712	14.371752336	74.217783730	69.676162690
349.299566890	1.391979748	4.057634198	3.797615688	15.316760726	14.374386286	74.257688778	69.688932423
350.351047510	1.395911893	4.059917030	3.798314775	15.325017166	14.377028474	74.297717100	69.701742103
351.403094113	1.399844040	4.062208063	3.799016058	15.333298993	14.379678902	74.337868490	69.714591733
352.455708510	1.403776188	4.064507308	3.799719538	15.341606163	14.382337572	74.378142755	69.727481318
353.508892518	1.407708333	4.066814775	3.800425215	15.349938634	14.385004484	74.418539683	69.740410860
354.562647940	1.411640478	4.069130488	3.801133098	15.358296363	14.387679640	74.459059058	69.753380373
355.616976593	1.415572623	4.071454460	3.801843188	15.366679306	14.390363040	74.499700683	69.766389850
356.671880303	1.419504770	4.073786710	3.802555485	15.375087418	14.393054686	74.540464325	69.779439305
357.727360875	1.423436918	4.076127250	3.803269995	15.383520656	14.395754577	74.581349780	69.792528735
358.783420133	1.427369063	4.078476098	3.803986718	15.391978974	14.398462715	74.622356830	69.805658148
359.840059893	1.431301208	4.080833268	3.804705658	15.400462326	14.401179099	74.663485248	69.818827538
360.897281983	1.435233358	4.083198768	3.805426825	15.408970667	14.403903731	74.704734808	69.832036915
361.955290990	1.439165503	4.085572618	3.806150215	15.417503951	14.406636609	74.746105305	69.845286275
363.013692798	1.443097648	4.087954833	3.806875828	15.426062131	14.409377735	74.787596500	69.858575618
364.072688353	1.447029793	4.090345415	3.807603678	15.434645163	14.412127108	74.829208175	69.871904940
365.132261933	1.450961940	4.092744393	3.808333758	15.443252999	14.414884727	74.870940105	69.885274245
366.192426948	1.454894088	4.095151763	3.809066078	15.451885595	14.417650593	74.912792078	69.898683528
367.253185235	1.458826233	4.097567540	3.809800635	15.460542903	14.420424705	74.954763855	69.912132788
368.314538620	1.462758378	4.099991735	3.810537440	15.469224880	14.423207062	74.996855230	69.925622028
369.376488948	1.466690523	4.102424360	3.811276495	15.477931479	14.425997663	75.039065983	69.939151233
370.439038033	1.470622673	4.104865423	3.812017800	15.486662657	14.428796508	75.081395893	69.952720405
371.502187733	1.474554818	4.107314930	3.812761365	15.495418370	14.431603596	75.123844750	69.966329535
372.565939875	1.478486963	4.109772888	3.813507188	15.504198575	14.434418925	75.166412345	69.979978630
373.630296308	1.482419108	4.112239300	3.814255275	15.513003229	14.437242495	75.209098475	69.993667670
374.695258875	1.486351258	4.114714178	3.815005628	15.521832292	14.440074304	75.251902945	70.007396655
375.760829423	1.490283403	4.117197525	3.815758255	15.530685722	14.442914351	75.294825555	70.021165583
376.827009803	1.494215548	4.119689335	3.816513158	15.539563482	14.445762635	75.337866108	70.034974438
377.893801865	1.498147693	4.122189625	3.817270338	15.548465534	14.448619153	75.381024440	70.048823215
378.961207475	1.502079840	4.124698380	3.818029808	15.557391842	14.451483905	75.424300365	70.062711915
380.029228488	1.506011988	4.127215610	3.818791560	15.566342372	14.454356888	75.467693723	70.076640518
381.097866775	1.509944133	4.129741308	3.819555610	15.575317091	14.457238101	75.511204350	70.090609023
382.167124198	1.513876278	4.132275470	3.820321960	15.584315969	14.460127542	75.554832108	70.104617418
383.237002630	1.517808423	4.134818098	3.821090613	15.593338979	14.463025209	75.598576853	70.118665693
384.307503950	1.521740573	4.137369185	3.821861570	15.602386094	14.465931101	75.642438468	70.132753838
385.378630040	1.525672718	4.139928715	3.822634843	15.611457291	14.468845214	75.686416838	70.146881848
386.450382793	1.529604863	4.142496685	3.823410433	15.620552551	14.471767548	75.730511863	70.161049708
387.522764090	1.533537010	4.145073083	3.824188348	15.629671855	14.474698100	75.774723463	70.175257413
388.595775833	1.537469158	4.147657890	3.824968590	15.638815191	14.477636868	75.819051568	70.189504955
389.669419928	1.541401303	4.150251100	3.825751160	15.647982548	14.480583850	75.863496130	70.203792313
390.743698280	1.545333448	4.152852688	3.826536070	15.657173918	14.483539045	75.908057113	70.218119485
391.818822305	1.549265593	4.155462640	3.827323330	15.666389299	14.486502449	75.952734505	70.232486463
392.894375738	1.553197743	4.158080933	3.828112933	15.675628693	14.489474061	75.997528313	70.246893233
393.970568943	1.557129888	4.160707543	3.828904895	15.684892105	14.492453879	76.042438560	70.261339785
395.047403843	1.561062033	4.163342440	3.829699220	15.694179546	14.495441901	76.087465308	70.275826113
396.124882375	1.564994178	4.165985603	3.830495910	15.703491032	14.498438125	76.132608628	70.290352205
397.203006473	1.568926328	4.168636995	3.831294973	15.712826583	14.501442549	76.177868623	70.304918048
398.281778090	1.572858473	4.171296578	3.832096420	15.722186228	14.504455171	76.223245420	70.319523643
399.361199180	1.576790618	4.173964323	3.832900253	15.731569998	14.507475990	76.268739178	70.334168975
400.441371093	1.580722763	4.176640190	3.833706475	15.740977932	14.510505004	76.314350095	70.348854038
401.522120720	1.584654910	4.179324120	3.834515098	15.750410077	14.513542212	76.360078385	70.363578823
402.603406440	1.588587058	4.182016088	3.835326133	15.759866485	14.516587612	76.405924308	70.378343325
403.685497305	1.592519203	4.184716025	3.836139575	15.769347217	14.519641203	76.451888158	70.393147543
404.768212775	1.596451348	4.187423885	3.836955443	15.778852342	14.522702985	76.497970258	70.407991468
405.851543945	1.600383493	4.190139613	3.837773735	15.788381935	14.525772955	76.544170990	70.422875090
406.935417915	1.604315643	4.192863140	3.838594468	15.797936082	14.528851115	76.590490765	70.437798418
408.019887818	1.608247788	4.195594400	3.839417645	15.807514876	14.531937463	76.636930033	70.452761438
409.104212345	1.612179933	4.198333325	3.840243270	15.817118423	14.535031999	76.683489300	70.467764158
410.190136713	1.616112078	4.201079843	3.841071360	15.826746836	14.538134723	76.730169128	70.482806580
411.276727785	1.620044228	4.203833868	3.841901918	15.836400240	14.541245636	76.776970108	70.497888698
412.363421585	1.623976373	4.206595318	3.842734948	15.846078770	14.544364739	76.823892903	70.513010525
413.449660010	1.627908518	4.209364095	3.843570468	15.855782572	14.547492032	76.870938230	70.528172058
414.538178163	1.631840663	4.212140120	3.844408480	15.865511808	14.550627517	76.918106853	70.543373303
415.627270688	1.635772810	4.214923278	3.845248998	15.875266648	14.553771196	76.965399610	70.558614278
416.716061755	1.639704958	4.217713463	3.846092028	15.885047277	14.556923070	77.012817403	70.573894980
417.805593740	1.643637103	4.220510568	3.846937580	15.894853896	14.560083144	77.060361190	70.589215440
418.896743383	1.647569248	4.223314465	3.847785663	15.904686717	14.563251419	77.108032008	70.604575658
419.988569980	1.651501393	4.226125030	3.848636293	15.914545970	14.566427900	77.155830975	70.619975658

